>YYYYYYYYYY	1-YYYYYYYYYY	7.041037	-346.194770	0	T:632.0(72.31%),B:973.7(24.89%),P:1e-150	Tpos:576.0,Tstd:425.5,Bpos:499.4,Bstd:496.0,StrandBias:0.1,Multiplicity:1.84
0.001	0.450	0.001	0.548
0.001	0.473	0.001	0.525
0.001	0.427	0.001	0.571
0.001	0.446	0.001	0.552
0.001	0.487	0.001	0.511
0.001	0.428	0.001	0.570
0.001	0.459	0.001	0.539
0.001	0.479	0.001	0.519
0.001	0.522	0.001	0.476
0.001	0.555	0.001	0.443
>TTTTTTTTTT	2-TTTTTTTTTT	5.122274	-294.926929	0	T:396.0(45.31%),B:348.9(8.92%),P:1e-128	Tpos:593.6,Tstd:517.8,Bpos:577.7,Bstd:559.9,StrandBias:-0.0,Multiplicity:1.83
0.057	0.062	0.041	0.840
0.058	0.036	0.069	0.837
0.092	0.109	0.041	0.758
0.071	0.085	0.062	0.782
0.085	0.062	0.075	0.778
0.108	0.033	0.084	0.775
0.079	0.071	0.045	0.805
0.070	0.061	0.048	0.821
0.084	0.083	0.029	0.804
0.069	0.074	0.054	0.803
>GGAGGAGGAG	3-GGAGGAGGAG	7.746096	-284.640267	0	T:433.0(49.54%),B:459.4(11.74%),P:1e-123	Tpos:579.2,Tstd:402.9,Bpos:554.8,Bstd:433.3,StrandBias:0.0,Multiplicity:1.67
0.021	0.019	0.944	0.016
0.038	0.018	0.943	0.001
0.910	0.032	0.036	0.022
0.033	0.012	0.954	0.001
0.011	0.019	0.969	0.001
0.869	0.054	0.037	0.040
0.022	0.015	0.962	0.001
0.028	0.015	0.956	0.001
0.849	0.066	0.067	0.018
0.055	0.027	0.896	0.022
>RGGGAGGGRV	4-RGGGAGGGRV	8.107742	-269.239545	0	T:689.0(78.83%),B:1431.3(36.58%),P:1e-116	Tpos:601.3,Tstd:404.0,Bpos:513.7,Bstd:468.2,StrandBias:-0.1,Multiplicity:2.89
0.381	0.001	0.487	0.131
0.037	0.001	0.961	0.001
0.115	0.001	0.883	0.001
0.262	0.039	0.698	0.001
0.652	0.321	0.001	0.026
0.241	0.001	0.727	0.031
0.105	0.001	0.893	0.001
0.359	0.001	0.639	0.001
0.463	0.001	0.535	0.001
0.282	0.306	0.410	0.001
>CCRCTTCCTG	5-CCRCTTCCTG	7.232401	-234.845109	0	T:556.0(63.62%),B:971.5(24.83%),P:1e-101	Tpos:554.9,Tstd:415.4,Bpos:524.9,Bstd:446.3,StrandBias:-0.0,Multiplicity:1.52
0.085	0.494	0.205	0.215
0.212	0.437	0.176	0.175
0.331	0.109	0.402	0.158
0.001	0.666	0.001	0.332
0.001	0.061	0.001	0.937
0.001	0.017	0.052	0.930
0.007	0.882	0.001	0.110
0.027	0.971	0.001	0.001
0.036	0.073	0.242	0.649
0.001	0.199	0.724	0.076
>CHGCHGCTGC	6-CHGCHGCTGC	8.024628	-217.457818	0	T:565.0(64.65%),B:1057.9(27.04%),P:1e-94	Tpos:596.4,Tstd:417.5,Bpos:539.9,Bstd:445.4,StrandBias:0.0,Multiplicity:2.11
0.001	0.937	0.001	0.061
0.307	0.288	0.046	0.360
0.001	0.001	0.952	0.046
0.001	0.959	0.039	0.001
0.268	0.319	0.001	0.413
0.109	0.133	0.579	0.179
0.001	0.997	0.001	0.001
0.307	0.178	0.001	0.514
0.060	0.172	0.722	0.046
0.001	0.914	0.064	0.021
>GAGGCCGCGG	7-GAGGCCGCGG	6.418408	-207.740248	0	T:658.0(75.29%),B:1488.1(38.04%),P:1e-90	Tpos:587.3,Tstd:410.6,Bpos:539.2,Bstd:482.9,StrandBias:0.1,Multiplicity:1.76
0.001	0.001	0.997	0.001
0.997	0.001	0.001	0.001
0.178	0.001	0.820	0.001
0.001	0.001	0.997	0.001
0.299	0.699	0.001	0.001
0.127	0.452	0.238	0.182
0.001	0.141	0.857	0.001
0.127	0.803	0.001	0.069
0.415	0.001	0.583	0.001
0.001	0.001	0.997	0.001
>GGRGCTGGGR	8-GGRGCTGGGR	7.688136	-200.705549	0	T:635.0(72.65%),B:1407.6(35.98%),P:1e-87	Tpos:593.4,Tstd:440.3,Bpos:513.6,Bstd:471.3,StrandBias:0.1,Multiplicity:2.09
0.372	0.001	0.561	0.066
0.253	0.001	0.686	0.060
0.362	0.086	0.429	0.123
0.143	0.298	0.493	0.066
0.001	0.747	0.199	0.053
0.001	0.001	0.001	0.997
0.001	0.001	0.997	0.001
0.300	0.001	0.698	0.001
0.224	0.001	0.774	0.001
0.370	0.180	0.449	0.001
>CATTTCCCAG	9-CATTTCCCAG	7.422352	-182.221369	0	T:430.0(49.20%),B:681.0(17.41%),P:1e-79	Tpos:542.6,Tstd:417.9,Bpos:559.4,Bstd:475.1,StrandBias:-0.2,Multiplicity:1.28
0.089	0.744	0.130	0.037
0.437	0.221	0.154	0.188
0.084	0.083	0.148	0.685
0.001	0.226	0.001	0.772
0.001	0.129	0.001	0.869
0.001	0.932	0.001	0.066
0.001	0.709	0.001	0.289
0.001	0.997	0.001	0.001
0.888	0.001	0.001	0.110
0.070	0.073	0.856	0.001
>GGWGARDGWG	10-GGWGARDGWG	6.847848	-159.416704	0	T:487.0(55.72%),B:949.8(24.28%),P:1e-69	Tpos:567.7,Tstd:433.3,Bpos:568.9,Bstd:507.0,StrandBias:-0.1,Multiplicity:1.38
0.069	0.045	0.840	0.046
0.049	0.099	0.699	0.153
0.493	0.014	0.061	0.432
0.064	0.027	0.804	0.105
0.767	0.039	0.155	0.039
0.322	0.200	0.468	0.010
0.257	0.047	0.406	0.290
0.018	0.257	0.613	0.112
0.257	0.137	0.218	0.388
0.107	0.058	0.687	0.148
>CCCAGCCCAG	11-CCCAGCCCAG	6.652942	-158.915679	0	T:538.0(61.56%),B:1147.4(29.33%),P:1e-69	Tpos:569.6,Tstd:393.0,Bpos:506.0,Bstd:429.4,StrandBias:0.1,Multiplicity:1.56
0.093	0.650	0.132	0.125
0.154	0.536	0.156	0.154
0.161	0.618	0.151	0.070
0.435	0.184	0.183	0.197
0.077	0.177	0.645	0.101
0.090	0.579	0.218	0.113
0.090	0.672	0.110	0.128
0.094	0.751	0.070	0.085
0.440	0.200	0.159	0.201
0.083	0.226	0.626	0.065
>RGAGSCCAGR	12-RGAGSCCAGR	6.268160	-150.551602	0	T:700.0(80.09%),B:1925.3(49.21%),P:1e-65	Tpos:574.1,Tstd:436.7,Bpos:536.3,Bstd:469.7,StrandBias:0.2,Multiplicity:1.85
0.345	0.025	0.461	0.168
0.083	0.208	0.686	0.023
0.887	0.037	0.051	0.025
0.132	0.132	0.562	0.174
0.147	0.374	0.312	0.166
0.089	0.650	0.232	0.029
0.042	0.497	0.272	0.189
0.451	0.077	0.242	0.230
0.044	0.016	0.824	0.116
0.353	0.123	0.499	0.025
>AARATGGMGD	13-AARATGGMGD	8.075123	-147.804592	0	T:181.0(20.71%),B:116.3(2.97%),P:1e-64	Tpos:526.1,Tstd:352.7,Bpos:580.4,Bstd:403.5,StrandBias:0.1,Multiplicity:1.12
0.803	0.088	0.066	0.043
0.841	0.017	0.092	0.050
0.385	0.121	0.481	0.013
0.886	0.060	0.021	0.033
0.094	0.009	0.038	0.859
0.064	0.031	0.861	0.044
0.063	0.021	0.735	0.181
0.377	0.424	0.072	0.127
0.059	0.219	0.555	0.167
0.292	0.104	0.370	0.235
>AATTTTTAAA	14-AATTTTTAAA	4.500470	-143.095267	0	T:499.0(57.09%),B:1053.9(26.94%),P:1e-62	Tpos:672.0,Tstd:523.2,Bpos:536.0,Bstd:461.4,StrandBias:0.1,Multiplicity:2.01
0.644	0.116	0.121	0.119
0.665	0.105	0.103	0.127
0.147	0.095	0.110	0.648
0.092	0.080	0.074	0.754
0.090	0.080	0.072	0.758
0.094	0.100	0.107	0.699
0.160	0.110	0.110	0.620
0.706	0.100	0.075	0.119
0.768	0.090	0.079	0.063
0.740	0.074	0.104	0.082
>CTCAGTTTTC	15-CTCAGTTTTC	6.945990	-137.939972	0	T:334.0(38.22%),B:507.1(12.96%),P:1e-59	Tpos:525.0,Tstd:433.3,Bpos:529.0,Bstd:432.8,StrandBias:0.0,Multiplicity:1.26
0.044	0.803	0.063	0.090
0.047	0.092	0.055	0.806
0.052	0.763	0.108	0.077
0.794	0.059	0.079	0.068
0.059	0.073	0.780	0.088
0.051	0.076	0.121	0.752
0.044	0.083	0.048	0.825
0.023	0.093	0.023	0.861
0.050	0.122	0.053	0.775
0.044	0.846	0.048	0.062
>CAGASCCAGV	16-CAGASCCAGV	6.695320	-115.583020	0	T:648.0(74.14%),B:1824.6(46.64%),P:1e-50	Tpos:593.1,Tstd:427.0,Bpos:526.9,Bstd:446.2,StrandBias:0.2,Multiplicity:1.77
0.123	0.842	0.034	0.001
0.795	0.029	0.045	0.131
0.079	0.087	0.811	0.023
0.562	0.070	0.324	0.044
0.045	0.434	0.520	0.001
0.315	0.635	0.046	0.004
0.034	0.883	0.082	0.001
0.717	0.031	0.047	0.205
0.043	0.001	0.955	0.001
0.374	0.262	0.360	0.004
>TGCGCATGCG	17-TGCGCATGCG	9.924654	-108.013931	0	T:162.0(18.54%),B:138.7(3.54%),P:1e-46	Tpos:507.5,Tstd:305.1,Bpos:513.4,Bstd:336.0,StrandBias:-0.3,Multiplicity:1.26
0.023	0.065	0.059	0.853
0.014	0.001	0.984	0.001
0.049	0.947	0.003	0.001
0.014	0.001	0.984	0.001
0.001	0.997	0.001	0.001
0.710	0.169	0.086	0.035
0.040	0.068	0.108	0.784
0.001	0.001	0.997	0.001
0.001	0.958	0.001	0.040
0.001	0.001	0.921	0.077
>CCCAGCCTGG	18-CCCAGCCTGG	5.689368	-94.097910	0	T:157.0(17.96%),B:152.3(3.89%),P:1e-40	Tpos:610.2,Tstd:530.2,Bpos:564.5,Bstd:415.1,StrandBias:0.0,Multiplicity:1.14
0.206	0.494	0.001	0.298
0.058	0.940	0.001	0.001
0.001	0.997	0.001	0.001
0.997	0.001	0.001	0.001
0.001	0.001	0.997	0.001
0.001	0.583	0.415	0.001
0.001	0.997	0.001	0.001
0.001	0.001	0.001	0.997
0.001	0.001	0.997	0.001
0.001	0.001	0.997	0.001
>GSTCACGTGA	19-GSTCACGTGA	7.807698	-65.992601	0	T:174.0(19.91%),B:260.2(6.65%),P:1e-28	Tpos:531.3,Tstd:328.0,Bpos:476.6,Bstd:425.5,StrandBias:0.1,Multiplicity:1.17
0.197	0.223	0.485	0.095
0.196	0.355	0.410	0.040
0.098	0.166	0.039	0.697
0.074	0.556	0.355	0.015
0.929	0.016	0.012	0.043
0.005	0.858	0.098	0.039
0.001	0.324	0.571	0.104
0.001	0.001	0.020	0.978
0.001	0.366	0.628	0.005
0.735	0.077	0.117	0.071
>GGATTACAGG	20-GGATTACAGG	10.599624	-61.490183	0	T:50.0(5.72%),B:11.3(0.29%),P:1e-26	Tpos:722.7,Tstd:527.0,Bpos:533.8,Bstd:352.1,StrandBias:0.1,Multiplicity:1.26
0.001	0.001	0.997	0.001
0.001	0.001	0.997	0.001
0.997	0.001	0.001	0.001
0.001	0.146	0.001	0.852
0.001	0.001	0.001	0.997
0.997	0.001	0.001	0.001
0.001	0.997	0.001	0.001
0.997	0.001	0.001	0.001
0.046	0.001	0.907	0.046
0.001	0.001	0.997	0.001
>CAGCCAATCA	21-CAGCCAATCA	8.718551	-53.354191	0	T:81.0(9.27%),B:68.9(1.76%),P:1e-23	Tpos:552.1,Tstd:378.7,Bpos:638.2,Bstd:485.2,StrandBias:0.1,Multiplicity:1.18
0.038	0.925	0.036	0.001
0.916	0.001	0.060	0.023
0.071	0.001	0.905	0.023
0.001	0.976	0.001	0.022
0.038	0.960	0.001	0.001
0.963	0.001	0.001	0.035
0.997	0.001	0.001	0.001
0.001	0.001	0.001	0.997
0.001	0.892	0.106	0.001
0.830	0.089	0.080	0.001
>ATTCATTCAT	22-ATTCATTCAT	7.405590	-47.208428	0	T:95.0(10.87%),B:110.1(2.81%),P:1e-20	Tpos:545.1,Tstd:467.3,Bpos:620.6,Bstd:431.9,StrandBias:-0.4,Multiplicity:1.10
0.698	0.142	0.070	0.090
0.068	0.105	0.069	0.758
0.045	0.068	0.068	0.819
0.045	0.908	0.001	0.046
0.785	0.101	0.060	0.054
0.068	0.023	0.068	0.841
0.024	0.023	0.105	0.848
0.001	0.811	0.046	0.142
0.734	0.174	0.023	0.069
0.093	0.023	0.075	0.809
>CTCGAACTCC	23-CTCGAACTCC	10.296193	-36.525769	0	T:29.0(3.32%),B:6.5(0.17%),P:1e-15	Tpos:700.4,Tstd:522.5,Bpos:668.9,Bstd:443.2,StrandBias:-0.5,Multiplicity:1.04
0.100	0.700	0.100	0.100
0.100	0.100	0.100	0.700
0.100	0.700	0.100	0.100
0.100	0.100	0.700	0.100
0.700	0.100	0.100	0.100
0.700	0.100	0.100	0.100
0.100	0.700	0.100	0.100
0.100	0.100	0.100	0.700
0.100	0.700	0.100	0.100
0.100	0.700	0.100	0.100
>GCCACTGCAC	24-GCCACTGCAC	8.727401	-35.683417	0	T:38.0(4.35%),B:18.6(0.48%),P:1e-15	Tpos:757.4,Tstd:551.7,Bpos:633.1,Bstd:202.2,StrandBias:0.3,Multiplicity:1.03
0.001	0.001	0.997	0.001
0.001	0.997	0.001	0.001
0.001	0.957	0.001	0.041
0.997	0.001	0.001	0.001
0.001	0.997	0.001	0.001
0.001	0.001	0.001	0.997
0.001	0.001	0.997	0.001
0.001	0.997	0.001	0.001
0.997	0.001	0.001	0.001
0.001	0.851	0.001	0.147
>CACACACACA	25-CACACACACA	8.897301	-29.898712	0	T:33.0(3.78%),B:17.4(0.44%),P:1e-12	Tpos:629.5,Tstd:562.2,Bpos:599.3,Bstd:331.9,StrandBias:-1.0,Multiplicity:1.19
0.087	0.911	0.001	0.001
0.997	0.001	0.001	0.001
0.009	0.989	0.001	0.001
0.997	0.001	0.001	0.001
0.001	0.984	0.001	0.014
0.952	0.001	0.001	0.046
0.001	0.984	0.001	0.014
0.952	0.001	0.001	0.046
0.020	0.978	0.001	0.001
0.997	0.001	0.001	0.001
>RGGGGCGGGGCB	1-RGGGGCGGGGCB	9.630356	-324.362344	0	T:526.0(60.18%),B:651.9(16.66%),P:1e-140	Tpos:589.1,Tstd:368.7,Bpos:514.2,Bstd:426.9,StrandBias:-0.1,Multiplicity:1.90
0.338	0.203	0.388	0.071
0.092	0.001	0.830	0.077
0.144	0.039	0.816	0.001
0.001	0.001	0.997	0.001
0.001	0.207	0.791	0.001
0.200	0.695	0.001	0.104
0.072	0.001	0.926	0.001
0.001	0.001	0.976	0.022
0.158	0.001	0.840	0.001
0.082	0.001	0.916	0.001
0.362	0.586	0.031	0.021
0.051	0.314	0.387	0.249
>GAGGVAGAGRAR	2-GAGGVAGAGRAR	6.781636	-298.877224	0	T:729.0(83.41%),B:1540.8(39.38%),P:1e-129	Tpos:584.4,Tstd:451.8,Bpos:506.1,Bstd:470.4,StrandBias:-0.0,Multiplicity:2.32
0.314	0.124	0.538	0.024
0.544	0.016	0.390	0.050
0.156	0.001	0.842	0.001
0.360	0.062	0.511	0.067
0.377	0.299	0.306	0.018
0.722	0.008	0.033	0.237
0.262	0.035	0.702	0.001
0.684	0.002	0.292	0.022
0.237	0.001	0.733	0.029
0.486	0.021	0.491	0.002
0.487	0.151	0.324	0.038
0.438	0.122	0.314	0.127
>TTTTTTTTTTTT	3-TTTTTTTTTTTT	5.465899	-290.265445	0	T:347.0(39.70%),B:246.9(6.31%),P:1e-126	Tpos:600.6,Tstd:529.3,Bpos:543.3,Bstd:540.0,StrandBias:-0.1,Multiplicity:1.68
0.125	0.075	0.140	0.660
0.103	0.025	0.115	0.757
0.088	0.055	0.078	0.779
0.090	0.023	0.118	0.769
0.078	0.040	0.095	0.787
0.128	0.023	0.113	0.736
0.100	0.030	0.078	0.792
0.080	0.040	0.088	0.792
0.085	0.043	0.095	0.777
0.093	0.043	0.105	0.759
0.120	0.053	0.098	0.729
0.135	0.070	0.093	0.702
>RGGAGGAGGAGG	4-RGGAGGAGGAGG	8.543318	-259.924180	0	T:472.0(54.00%),B:621.0(15.87%),P:1e-112	Tpos:594.0,Tstd:416.6,Bpos:517.7,Bstd:490.6,StrandBias:-0.1,Multiplicity:1.90
0.441	0.068	0.472	0.018
0.093	0.024	0.859	0.024
0.194	0.030	0.775	0.001
0.766	0.018	0.204	0.012
0.102	0.012	0.885	0.001
0.074	0.024	0.901	0.001
0.808	0.048	0.132	0.012
0.114	0.001	0.884	0.001
0.012	0.045	0.942	0.001
0.630	0.036	0.244	0.090
0.227	0.018	0.725	0.030
0.045	0.134	0.820	0.001
>SCCTCAGCYYCC	5-SCCTCAGCYYCC	8.508865	-200.236918	0	T:623.0(71.28%),B:1355.8(34.65%),P:1e-86	Tpos:593.5,Tstd:407.9,Bpos:539.8,Bstd:485.9,StrandBias:-0.0,Multiplicity:1.68
0.127	0.407	0.278	0.188
0.001	0.914	0.084	0.001
0.001	0.976	0.001	0.022
0.001	0.290	0.259	0.450
0.001	0.983	0.015	0.001
0.537	0.108	0.347	0.008
0.001	0.072	0.926	0.001
0.001	0.651	0.168	0.180
0.001	0.433	0.071	0.495
0.001	0.519	0.048	0.432
0.001	0.997	0.001	0.001
0.086	0.544	0.215	0.155
>GGCGGCGGCGGC	6-GGCGGCGGCGGC	10.016864	-191.383030	0	T:333.0(38.10%),B:377.7(9.65%),P:1e-83	Tpos:623.7,Tstd:410.4,Bpos:502.9,Bstd:393.2,StrandBias:-0.1,Multiplicity:1.75
0.106	0.048	0.830	0.016
0.019	0.001	0.979	0.001
0.151	0.645	0.072	0.132
0.072	0.023	0.845	0.060
0.001	0.006	0.992	0.001
0.114	0.689	0.103	0.094
0.092	0.039	0.820	0.049
0.040	0.042	0.917	0.001
0.073	0.826	0.061	0.040
0.084	0.053	0.806	0.057
0.058	0.065	0.876	0.001
0.071	0.702	0.160	0.067
>DGCAGCWGCWGC	7-DGCAGCWGCWGC	7.475695	-188.863422	0	T:462.0(52.86%),B:768.4(19.64%),P:1e-82	Tpos:570.0,Tstd:391.8,Bpos:544.9,Bstd:432.9,StrandBias:0.0,Multiplicity:1.52
0.349	0.178	0.258	0.214
0.024	0.101	0.874	0.001
0.021	0.874	0.104	0.001
0.631	0.086	0.053	0.230
0.008	0.008	0.983	0.001
0.008	0.964	0.027	0.001
0.502	0.043	0.045	0.410
0.011	0.024	0.964	0.001
0.016	0.954	0.029	0.001
0.394	0.157	0.126	0.324
0.032	0.067	0.900	0.001
0.072	0.817	0.110	0.001
>WAAATTTTAAAA	8-WAAATTTTAAAA	4.678659	-188.700780	0	T:375.0(42.91%),B:497.3(12.71%),P:1e-81	Tpos:668.3,Tstd:514.2,Bpos:518.6,Bstd:421.6,StrandBias:-0.1,Multiplicity:1.67
0.395	0.052	0.081	0.471
0.563	0.070	0.081	0.286
0.716	0.093	0.081	0.110
0.610	0.058	0.058	0.274
0.308	0.093	0.052	0.547
0.099	0.041	0.064	0.796
0.064	0.075	0.046	0.815
0.082	0.023	0.064	0.831
0.563	0.064	0.041	0.332
0.796	0.041	0.041	0.122
0.826	0.047	0.052	0.075
0.610	0.087	0.041	0.262
>YYYCCAVNYYYY	9-YYYCCAVNYYYY	7.314432	-174.734131	0	T:709.0(81.12%),B:1870.9(47.82%),P:1e-75	Tpos:566.6,Tstd:439.5,Bpos:553.7,Bstd:481.1,StrandBias:0.1,Multiplicity:2.02
0.277	0.429	0.001	0.292
0.231	0.424	0.001	0.344
0.001	0.563	0.001	0.435
0.001	0.587	0.001	0.411
0.001	0.997	0.001	0.001
0.997	0.001	0.001	0.001
0.256	0.353	0.390	0.001
0.243	0.258	0.267	0.232
0.001	0.506	0.001	0.492
0.001	0.547	0.001	0.451
0.001	0.468	0.117	0.414
0.001	0.433	0.246	0.320
>CCTCAGCCTCCC	10-CCTCAGCCTCCC	7.464392	-168.261489	0	T:620.0(70.94%),B:1460.4(37.33%),P:1e-73	Tpos:567.0,Tstd:394.3,Bpos:520.6,Bstd:473.0,StrandBias:0.1,Multiplicity:1.44
0.050	0.765	0.120	0.065
0.059	0.800	0.062	0.079
0.110	0.112	0.151	0.627
0.065	0.763	0.110	0.062
0.658	0.144	0.128	0.070
0.049	0.090	0.809	0.052
0.066	0.781	0.083	0.070
0.092	0.771	0.092	0.045
0.111	0.065	0.140	0.684
0.049	0.772	0.106	0.073
0.092	0.767	0.072	0.069
0.043	0.806	0.077	0.074
>CAAGATGGCGGC	11-CAAGATGGCGGC	10.779834	-164.367834	0	T:126.0(14.42%),B:23.2(0.59%),P:1e-71	Tpos:520.6,Tstd:313.1,Bpos:615.6,Bstd:452.4,StrandBias:0.4,Multiplicity:1.05
0.064	0.541	0.331	0.064
0.997	0.001	0.001	0.001
0.995	0.001	0.003	0.001
0.264	0.135	0.600	0.001
0.997	0.001	0.001	0.001
0.001	0.001	0.001	0.997
0.001	0.001	0.997	0.001
0.001	0.001	0.995	0.003
0.001	0.997	0.001	0.001
0.001	0.132	0.739	0.128
0.132	0.257	0.543	0.068
0.138	0.606	0.064	0.192
>VSCSRCTTCCGG	12-VSCSRCTTCCGG	8.792661	-162.689387	0	T:446.0(51.03%),B:792.1(20.25%),P:1e-70	Tpos:567.1,Tstd:399.0,Bpos:539.4,Bstd:483.5,StrandBias:-0.1,Multiplicity:1.42
0.227	0.361	0.264	0.149
0.173	0.398	0.428	0.001
0.174	0.406	0.239	0.181
0.127	0.479	0.392	0.001
0.408	0.001	0.513	0.078
0.001	0.907	0.001	0.091
0.001	0.310	0.001	0.688
0.001	0.001	0.001	0.997
0.001	0.997	0.001	0.001
0.001	0.997	0.001	0.001
0.001	0.001	0.627	0.371
0.001	0.398	0.570	0.031
>GCGCATGCGCAG	13-GCGCATGCGCAG	11.324219	-153.346832	0	T:137.0(15.68%),B:43.1(1.10%),P:1e-66	Tpos:498.3,Tstd:278.1,Bpos:553.2,Bstd:411.6,StrandBias:0.3,Multiplicity:1.18
0.080	0.001	0.918	0.001
0.106	0.837	0.056	0.001
0.057	0.033	0.909	0.001
0.031	0.967	0.001	0.001
0.632	0.173	0.138	0.057
0.067	0.173	0.262	0.498
0.008	0.024	0.944	0.024
0.001	0.979	0.001	0.019
0.001	0.008	0.910	0.081
0.001	0.923	0.020	0.056
0.490	0.191	0.226	0.093
0.198	0.235	0.482	0.085
>GAGSCTGGVVNN	14-GAGSCTGGVVNN	7.873385	-133.926933	0	T:426.0(48.74%),B:818.4(20.92%),P:1e-58	Tpos:605.2,Tstd:477.4,Bpos:522.0,Bstd:456.8,StrandBias:0.1,Multiplicity:1.61
0.016	0.395	0.582	0.007
0.723	0.080	0.132	0.065
0.041	0.044	0.888	0.027
0.012	0.474	0.495	0.019
0.027	0.899	0.047	0.027
0.075	0.097	0.117	0.711
0.024	0.018	0.927	0.031
0.018	0.075	0.872	0.035
0.286	0.329	0.376	0.009
0.198	0.287	0.334	0.180
0.197	0.281	0.326	0.196
0.197	0.309	0.290	0.204
>CCSGGCCSGGCC	15-CCSGGCCSGGCC	9.120320	-115.743686	0	T:380.0(43.48%),B:724.1(18.51%),P:1e-50	Tpos:584.3,Tstd:416.5,Bpos:498.4,Bstd:410.6,StrandBias:-0.0,Multiplicity:1.30
0.001	0.997	0.001	0.001
0.001	0.609	0.156	0.234
0.072	0.482	0.429	0.017
0.308	0.001	0.690	0.001
0.001	0.001	0.997	0.001
0.001	0.997	0.001	0.001
0.001	0.716	0.001	0.282
0.001	0.534	0.464	0.001
0.284	0.001	0.714	0.001
0.001	0.001	0.997	0.001
0.001	0.767	0.231	0.001
0.013	0.704	0.024	0.259
>MAGCCCCTTCYC	16-MAGCCCCTTCYC	8.533427	-99.404380	0	T:224.0(25.63%),B:302.6(7.73%),P:1e-43	Tpos:574.1,Tstd:458.2,Bpos:550.8,Bstd:552.5,StrandBias:0.1,Multiplicity:1.12
0.504	0.432	0.021	0.043
0.650	0.034	0.315	0.001
0.327	0.001	0.525	0.147
0.084	0.725	0.042	0.149
0.022	0.747	0.189	0.042
0.063	0.765	0.043	0.129
0.107	0.658	0.001	0.234
0.084	0.021	0.127	0.768
0.055	0.042	0.042	0.861
0.001	0.957	0.001	0.041
0.086	0.408	0.001	0.505
0.001	0.896	0.041	0.062
>GCTGGGATTACA	17-GCTGGGATTACA	9.488791	-89.689049	0	T:52.0(5.95%),B:0.8(0.02%),P:1e-38	Tpos:790.0,Tstd:565.2,Bpos:574.1,Bstd:67.1,StrandBias:-0.3,Multiplicity:1.33
0.026	0.001	0.972	0.001
0.001	0.945	0.001	0.053
0.001	0.001	0.001	0.997
0.026	0.001	0.972	0.001
0.001	0.001	0.972	0.026
0.001	0.001	0.997	0.001
0.997	0.001	0.001	0.001
0.001	0.080	0.027	0.892
0.026	0.001	0.001	0.972
0.997	0.001	0.001	0.001
0.001	0.972	0.001	0.026
0.972	0.001	0.026	0.001
>CAGAGCCCAGGA	18-CAGAGCCCAGGA	6.782872	-85.003707	0	T:597.0(68.31%),B:1743.0(44.55%),P:1e-36	Tpos:568.4,Tstd:418.7,Bpos:533.0,Bstd:470.2,StrandBias:-0.0,Multiplicity:1.69
0.077	0.793	0.084	0.046
0.699	0.070	0.140	0.091
0.088	0.123	0.750	0.039
0.712	0.070	0.130	0.088
0.070	0.077	0.783	0.070
0.060	0.744	0.105	0.091
0.056	0.748	0.126	0.070
0.074	0.782	0.088	0.056
0.681	0.105	0.119	0.095
0.074	0.056	0.821	0.049
0.105	0.095	0.761	0.039
0.726	0.109	0.102	0.063
>CTCGAACTCCTG	19-CTCGAACTCCTG	10.998832	-79.017969	0	T:86.0(9.84%),B:42.7(1.09%),P:1e-34	Tpos:554.6,Tstd:396.0,Bpos:683.3,Bstd:514.4,StrandBias:-0.4,Multiplicity:1.07
0.001	0.997	0.001	0.001
0.001	0.001	0.001	0.997
0.079	0.760	0.160	0.001
0.158	0.211	0.552	0.079
0.509	0.191	0.299	0.001
0.586	0.001	0.412	0.001
0.078	0.920	0.001	0.001
0.001	0.001	0.001	0.997
0.001	0.997	0.001	0.001
0.001	0.997	0.001	0.001
0.001	0.200	0.213	0.586
0.001	0.001	0.997	0.001
>TGGGARTTGTAG	20-TGGGARTTGTAG	11.070165	-60.516153	0	T:53.0(6.06%),B:15.9(0.41%),P:1e-26	Tpos:521.6,Tstd:372.0,Bpos:511.7,Bstd:371.4,StrandBias:0.2,Multiplicity:1.37
0.046	0.140	0.046	0.768
0.001	0.001	0.997	0.001
0.001	0.001	0.997	0.001
0.001	0.045	0.953	0.001
0.861	0.001	0.092	0.046
0.339	0.048	0.473	0.140
0.189	0.186	0.049	0.576
0.046	0.046	0.093	0.815
0.001	0.001	0.953	0.045
0.046	0.046	0.001	0.907
0.860	0.001	0.138	0.001
0.001	0.001	0.997	0.001
>TCAAGCGATCCT	21-TCAAGCGATCCT	12.409226	-56.683090	0	T:35.0(4.00%),B:1.1(0.03%),P:1e-24	Tpos:687.9,Tstd:607.3,Bpos:931.0,Bstd:395.9,StrandBias:-1.5,Multiplicity:1.17
0.001	0.001	0.001	0.997
0.001	0.997	0.001	0.001
0.997	0.001	0.001	0.001
0.997	0.001	0.001	0.001
0.001	0.070	0.928	0.001
0.001	0.856	0.001	0.142
0.071	0.071	0.857	0.001
0.997	0.001	0.001	0.001
0.001	0.001	0.001	0.997
0.001	0.713	0.001	0.285
0.001	0.997	0.001	0.001
0.001	0.001	0.070	0.928
>GGCGTGAGCCAC	22-GGCGTGAGCCAC	13.277829	-54.978376	0	T:34.0(3.89%),B:2.0(0.05%),P:1e-23	Tpos:718.1,Tstd:589.4,Bpos:473.4,Bstd:233.2,StrandBias:-0.5,Multiplicity:1.06
0.001	0.001	0.997	0.001
0.049	0.001	0.949	0.001
0.001	0.949	0.001	0.049
0.149	0.001	0.849	0.001
0.001	0.001	0.001	0.997
0.001	0.001	0.997	0.001
0.949	0.001	0.049	0.001
0.001	0.001	0.997	0.001
0.001	0.997	0.001	0.001
0.001	0.997	0.001	0.001
0.997	0.001	0.001	0.001
0.001	0.949	0.001	0.049
>VRGTCACGTGAB	23-VRGTCACGTGAB	8.914322	-54.861800	0	T:77.0(8.81%),B:58.3(1.49%),P:1e-23	Tpos:519.1,Tstd:241.7,Bpos:489.2,Bstd:402.9,StrandBias:-0.0,Multiplicity:1.19
0.304	0.217	0.327	0.152
0.243	0.185	0.386	0.186
0.135	0.110	0.637	0.118
0.042	0.016	0.001	0.941
0.084	0.823	0.034	0.059
0.933	0.033	0.001	0.033
0.143	0.722	0.118	0.017
0.102	0.135	0.665	0.098
0.050	0.001	0.022	0.927
0.098	0.110	0.716	0.076
0.507	0.183	0.175	0.135
0.144	0.340	0.304	0.212
>TCTYRGCTCACT	24-TCTYRGCTCACT	11.284497	-53.256837	0	T:36.0(4.12%),B:3.9(0.10%),P:1e-23	Tpos:684.4,Tstd:532.6,Bpos:701.9,Bstd:187.3,StrandBias:-1.2,Multiplicity:1.08
0.001	0.001	0.001	0.997
0.001	0.997	0.001	0.001
0.262	0.001	0.001	0.736
0.001	0.468	0.131	0.400
0.532	0.001	0.462	0.005
0.001	0.001	0.997	0.001
0.131	0.867	0.001	0.001
0.001	0.131	0.001	0.867
0.001	0.867	0.001	0.131
0.997	0.001	0.001	0.001
0.001	0.863	0.005	0.131
0.001	0.136	0.001	0.862
>TGTGTGTGTGTG	25-TGTGTGTGTGTG	12.105569	-28.790664	0	T:23.0(2.63%),B:5.0(0.13%),P:1e-12	Tpos:612.0,Tstd:584.1,Bpos:550.1,Bstd:250.3,StrandBias:1.4,Multiplicity:1.05
0.001	0.023	0.016	0.960
0.016	0.001	0.967	0.016
0.015	0.001	0.001	0.983
0.016	0.016	0.967	0.001
0.016	0.016	0.001	0.967
0.016	0.001	0.967	0.016
0.015	0.001	0.001	0.983
0.015	0.001	0.983	0.001
0.001	0.015	0.001	0.983
0.016	0.001	0.967	0.016
0.001	0.001	0.001	0.997
0.016	0.001	0.935	0.048
>GGAGGAAG	1-GGAGGAAG	4.804904	-283.209479	0	T:638.0(73.00%),B:1160.6(29.67%),P:1e-122	Tpos:590.2,Tstd:434.0,Bpos:553.8,Bstd:514.9,StrandBias:-0.1,Multiplicity:2.26
0.001	0.001	0.812	0.186
0.279	0.001	0.719	0.001
0.997	0.001	0.001	0.001
0.001	0.001	0.997	0.001
0.289	0.001	0.709	0.001
0.997	0.001	0.001	0.001
0.992	0.001	0.006	0.001
0.241	0.001	0.757	0.001
>AAAAAAAA	2-AAAAAAAA	4.206791	-263.965916	0	T:528.0(60.41%),B:793.6(20.28%),P:1e-114	Tpos:599.1,Tstd:511.8,Bpos:543.7,Bstd:525.6,StrandBias:0.1,Multiplicity:2.31
0.918	0.021	0.036	0.025
0.957	0.001	0.031	0.011
0.910	0.025	0.036	0.029
0.873	0.044	0.042	0.041
0.852	0.052	0.050	0.046
0.900	0.025	0.036	0.039
0.932	0.022	0.027	0.019
0.920	0.020	0.035	0.025
>GGAARRGG	3-GGAARRGG	7.786846	-212.367121	0	T:746.0(85.35%),B:1927.7(49.27%),P:1e-92	Tpos:599.6,Tstd:456.7,Bpos:517.6,Bstd:473.1,StrandBias:-0.1,Multiplicity:2.73
0.001	0.001	0.997	0.001
0.001	0.001	0.997	0.001
0.611	0.001	0.387	0.001
0.997	0.001	0.001	0.001
0.455	0.001	0.543	0.001
0.427	0.001	0.571	0.001
0.383	0.001	0.615	0.001
0.191	0.001	0.807	0.001
>GGGCGGGG	4-GGGCGGGG	10.369906	-193.942209	0	T:478.0(54.69%),B:808.3(20.66%),P:1e-84	Tpos:607.1,Tstd:390.8,Bpos:504.9,Bstd:435.0,StrandBias:-0.2,Multiplicity:1.99
0.001	0.001	0.997	0.001
0.001	0.001	0.997	0.001
0.001	0.001	0.997	0.001
0.218	0.674	0.001	0.107
0.001	0.001	0.907	0.091
0.001	0.001	0.997	0.001
0.103	0.001	0.895	0.001
0.098	0.001	0.900	0.001
>CAGAGAAG	5-CAGAGAAG	5.740038	-184.350622	0	T:705.0(80.66%),B:1810.2(46.27%),P:1e-80	Tpos:552.7,Tstd:411.4,Bpos:525.6,Bstd:463.7,StrandBias:-0.0,Multiplicity:2.05
0.123	0.695	0.181	0.001
0.842	0.001	0.061	0.096
0.070	0.001	0.928	0.001
0.900	0.027	0.072	0.001
0.085	0.001	0.913	0.001
0.911	0.087	0.001	0.001
0.915	0.001	0.048	0.036
0.049	0.001	0.949	0.001
>GGAAGCTG	6-GGAAGCTG	7.463595	-170.898120	0	T:600.0(68.65%),B:1361.9(34.81%),P:1e-74	Tpos:557.3,Tstd:410.5,Bpos:539.8,Bstd:455.7,StrandBias:-0.1,Multiplicity:1.80
0.362	0.001	0.596	0.041
0.001	0.001	0.997	0.001
0.911	0.001	0.087	0.001
0.597	0.001	0.401	0.001
0.150	0.039	0.810	0.001
0.035	0.895	0.069	0.001
0.079	0.096	0.210	0.615
0.001	0.001	0.997	0.001
>ACTTCCTG	7-ACTTCCTG	7.769914	-164.759868	0	T:393.0(44.97%),B:612.8(15.66%),P:1e-71	Tpos:557.3,Tstd:415.3,Bpos:527.6,Bstd:505.0,StrandBias:-0.3,Multiplicity:1.32
0.543	0.001	0.362	0.094
0.001	0.718	0.001	0.280
0.001	0.001	0.001	0.997
0.001	0.001	0.001	0.997
0.001	0.750	0.001	0.248
0.001	0.866	0.132	0.001
0.001	0.001	0.144	0.854
0.001	0.001	0.997	0.001
>CAGGTGAA	8-CAGGTGAA	6.353190	-148.853033	0	T:622.0(71.17%),B:1548.7(39.59%),P:1e-64	Tpos:568.8,Tstd:423.6,Bpos:543.4,Bstd:490.6,StrandBias:-0.0,Multiplicity:1.68
0.001	0.828	0.170	0.001
0.791	0.001	0.001	0.207
0.001	0.001	0.997	0.001
0.001	0.003	0.995	0.001
0.362	0.001	0.001	0.636
0.252	0.001	0.746	0.001
0.997	0.001	0.001	0.001
0.754	0.001	0.244	0.001
>GGGCGGAG	9-GGGCGGAG	4.844273	-148.020450	0	T:747.0(85.47%),B:2198.8(56.20%),P:1e-64	Tpos:587.8,Tstd:403.0,Bpos:525.6,Bstd:445.1,StrandBias:0.0,Multiplicity:2.07
0.001	0.001	0.997	0.001
0.001	0.001	0.997	0.001
0.001	0.001	0.997	0.001
0.001	0.990	0.001	0.008
0.388	0.001	0.610	0.001
0.001	0.001	0.997	0.001
0.592	0.001	0.406	0.001
0.008	0.001	0.990	0.001
>AGAARCWG	10-AGAARCWG	5.685165	-146.455553	0	T:737.0(84.32%),B:2147.6(54.89%),P:1e-63	Tpos:564.7,Tstd:457.1,Bpos:538.9,Bstd:480.1,StrandBias:0.1,Multiplicity:1.77
0.554	0.001	0.062	0.383
0.023	0.163	0.812	0.002
0.643	0.102	0.216	0.039
0.695	0.001	0.303	0.001
0.447	0.168	0.385	0.001
0.284	0.572	0.082	0.062
0.492	0.001	0.118	0.390
0.045	0.001	0.953	0.001
>ATTTTWAA	11-ATTTTWAA	4.764920	-140.806520	0	T:477.0(54.58%),B:978.9(25.02%),P:1e-61	Tpos:647.9,Tstd:508.4,Bpos:529.4,Bstd:447.1,StrandBias:-0.1,Multiplicity:1.93
0.553	0.086	0.049	0.312
0.272	0.099	0.033	0.596
0.128	0.005	0.015	0.852
0.032	0.090	0.018	0.860
0.204	0.217	0.038	0.541
0.391	0.149	0.189	0.270
0.514	0.162	0.098	0.226
0.781	0.037	0.094	0.088
>AAGATGGC	12-AAGATGGC	7.801339	-135.941984	0	T:242.0(27.69%),B:264.2(6.75%),P:1e-59	Tpos:532.3,Tstd:357.8,Bpos:583.7,Bstd:440.0,StrandBias:0.1,Multiplicity:1.19
0.997	0.001	0.001	0.001
0.997	0.001	0.001	0.001
0.166	0.182	0.651	0.001
0.997	0.001	0.001	0.001
0.075	0.001	0.001	0.923
0.001	0.001	0.997	0.001
0.001	0.001	0.997	0.001
0.063	0.935	0.001	0.001
>YTTYCMAA	13-YTTYCMAA	5.826426	-132.232558	0	T:559.0(63.96%),B:1340.2(34.26%),P:1e-57	Tpos:597.8,Tstd:474.4,Bpos:546.4,Bstd:463.8,StrandBias:-0.2,Multiplicity:1.58
0.032	0.424	0.001	0.543
0.001	0.246	0.001	0.752
0.001	0.390	0.001	0.608
0.019	0.546	0.012	0.423
0.093	0.840	0.049	0.018
0.444	0.452	0.100	0.004
0.756	0.138	0.032	0.074
0.713	0.111	0.133	0.043
>GCGGCGGC	14-GCGGCGGC	8.046465	-125.480419	0	T:605.0(69.22%),B:1573.6(40.22%),P:1e-54	Tpos:580.8,Tstd:391.6,Bpos:519.1,Bstd:442.7,StrandBias:-0.1,Multiplicity:2.25
0.001	0.001	0.997	0.001
0.001	0.997	0.001	0.001
0.156	0.001	0.532	0.311
0.001	0.001	0.997	0.001
0.001	0.997	0.001	0.001
0.001	0.001	0.687	0.311
0.001	0.001	0.997	0.001
0.001	0.997	0.001	0.001
>CCAGCTCC	15-CCAGCTCC	7.852592	-124.447894	0	T:586.0(67.05%),B:1492.8(38.16%),P:1e-54	Tpos:577.4,Tstd:442.8,Bpos:520.5,Bstd:469.5,StrandBias:0.0,Multiplicity:1.84
0.001	0.872	0.126	0.001
0.001	0.997	0.001	0.001
0.797	0.001	0.124	0.078
0.001	0.149	0.849	0.001
0.001	0.955	0.001	0.043
0.074	0.200	0.001	0.725
0.001	0.997	0.001	0.001
0.001	0.947	0.001	0.051
>AGTCCCAG	16-AGTCCCAG	7.012662	-124.444300	0	T:472.0(54.00%),B:1022.2(26.13%),P:1e-54	Tpos:617.9,Tstd:453.4,Bpos:527.7,Bstd:470.0,StrandBias:0.0,Multiplicity:1.49
0.960	0.001	0.038	0.001
0.197	0.056	0.701	0.046
0.001	0.104	0.229	0.666
0.001	0.962	0.001	0.036
0.021	0.934	0.001	0.044
0.014	0.984	0.001	0.001
0.933	0.001	0.001	0.065
0.001	0.025	0.973	0.001
>TTTCWGAA	17-TTTCWGAA	5.219049	-117.308143	0	T:473.0(54.12%),B:1055.2(26.97%),P:1e-50	Tpos:571.8,Tstd:458.2,Bpos:564.8,Bstd:478.4,StrandBias:0.0,Multiplicity:1.36
0.092	0.209	0.088	0.611
0.017	0.305	0.050	0.628
0.071	0.278	0.109	0.542
0.039	0.710	0.122	0.129
0.385	0.078	0.003	0.534
0.115	0.050	0.651	0.184
0.380	0.205	0.222	0.192
0.669	0.030	0.248	0.053
>TTATTAAT	18-TTATTAAT	5.596769	-111.015427	0	T:306.0(35.01%),B:502.9(12.86%),P:1e-48	Tpos:607.8,Tstd:500.1,Bpos:526.7,Bstd:448.2,StrandBias:-0.1,Multiplicity:1.25
0.135	0.001	0.001	0.863
0.069	0.150	0.137	0.644
0.696	0.071	0.045	0.188
0.150	0.022	0.063	0.765
0.054	0.043	0.059	0.844
0.689	0.135	0.036	0.140
0.640	0.103	0.108	0.149
0.090	0.012	0.034	0.864
>CCAGAGCC	19-CCAGAGCC	7.670904	-102.816476	0	T:534.0(61.10%),B:1368.3(34.97%),P:1e-44	Tpos:549.3,Tstd:385.9,Bpos:549.9,Bstd:467.9,StrandBias:-0.0,Multiplicity:1.54
0.001	0.955	0.043	0.001
0.001	0.997	0.001	0.001
0.794	0.001	0.141	0.064
0.039	0.079	0.881	0.001
0.849	0.072	0.078	0.001
0.001	0.107	0.891	0.001
0.048	0.779	0.137	0.036
0.001	0.930	0.001	0.068
>CCAGGCTG	20-CCAGGCTG	5.941731	-86.793856	0	T:424.0(48.51%),B:1003.9(25.66%),P:1e-37	Tpos:606.8,Tstd:466.8,Bpos:534.9,Bstd:442.4,StrandBias:-0.1,Multiplicity:1.44
0.001	0.910	0.001	0.088
0.001	0.997	0.001	0.001
0.997	0.001	0.001	0.001
0.001	0.001	0.997	0.001
0.001	0.366	0.632	0.001
0.001	0.997	0.001	0.001
0.001	0.001	0.001	0.997
0.001	0.106	0.892	0.001
>CCAGGCCT	21-CCAGGCCT	5.620918	-75.828119	0	T:616.0(70.48%),B:1887.4(48.24%),P:1e-32	Tpos:564.7,Tstd:414.4,Bpos:513.2,Bstd:459.9,StrandBias:0.0,Multiplicity:1.80
0.097	0.584	0.165	0.154
0.175	0.602	0.105	0.118
0.650	0.095	0.112	0.143
0.164	0.048	0.696	0.092
0.170	0.136	0.530	0.164
0.154	0.526	0.164	0.156
0.050	0.731	0.065	0.154
0.079	0.130	0.106	0.685
>TGACGTCA	22-TGACGTCA	8.236954	-42.339359	0	T:47.0(5.38%),B:24.5(0.63%),P:1e-18	Tpos:568.4,Tstd:337.9,Bpos:516.4,Bstd:363.1,StrandBias:0.0,Multiplicity:1.04
0.100	0.100	0.100	0.700
0.100	0.100	0.700	0.100
0.700	0.100	0.100	0.100
0.100	0.700	0.100	0.100
0.100	0.100	0.700	0.100
0.100	0.100	0.100	0.700
0.100	0.700	0.100	0.100
0.700	0.100	0.100	0.100
>GCGCATGC	23-GCGCATGC	9.478942	-39.524580	0	T:234.0(26.77%),B:557.1(14.24%),P:1e-17	Tpos:555.5,Tstd:357.4,Bpos:539.7,Bstd:430.9,StrandBias:-0.2,Multiplicity:1.34
0.053	0.001	0.945	0.001
0.001	0.997	0.001	0.001
0.001	0.001	0.997	0.001
0.001	0.997	0.001	0.001
0.714	0.284	0.001	0.001
0.001	0.001	0.243	0.755
0.001	0.001	0.997	0.001
0.001	0.997	0.001	0.001
>CACACACA	24-CACACACA	8.533513	-28.717475	0	T:111.0(12.70%),B:210.3(5.37%),P:1e-12	Tpos:597.4,Tstd:520.3,Bpos:589.2,Bstd:494.2,StrandBias:-0.2,Multiplicity:1.21
0.001	0.997	0.001	0.001
0.904	0.001	0.001	0.094
0.001	0.997	0.001	0.001
0.997	0.001	0.001	0.001
0.001	0.840	0.158	0.001
0.997	0.001	0.001	0.001
0.001	0.997	0.001	0.001
0.997	0.001	0.001	0.001
>MAACCAAT	25-MAACCAAT	6.022899	-27.777390	0	T:112.0(12.81%),B:217.5(5.56%),P:1e-12	Tpos:564.3,Tstd:366.3,Bpos:605.4,Bstd:510.2,StrandBias:0.1,Multiplicity:1.25
0.567	0.421	0.001	0.011
0.997	0.001	0.001	0.001
0.583	0.001	0.415	0.001
0.001	0.997	0.001	0.001
0.001	0.997	0.001	0.001
0.997	0.001	0.001	0.001
0.997	0.001	0.001	0.001
0.001	0.001	0.001	0.997
