>GGAGGAAG	1-GGAGGAAG	4.804904	-283.209479	0	T:638.0(73.00%),B:1160.6(29.67%),P:1e-122	Tpos:590.2,Tstd:434.0,Bpos:553.8,Bstd:514.9,StrandBias:-0.1,Multiplicity:2.26
0.001	0.001	0.812	0.186
0.279	0.001	0.719	0.001
0.997	0.001	0.001	0.001
0.001	0.001	0.997	0.001
0.289	0.001	0.709	0.001
0.997	0.001	0.001	0.001
0.992	0.001	0.006	0.001
0.241	0.001	0.757	0.001
>AAAAAAAA	2-AAAAAAAA	4.206791	-263.965916	0	T:528.0(60.41%),B:793.6(20.28%),P:1e-114	Tpos:599.1,Tstd:511.8,Bpos:543.7,Bstd:525.6,StrandBias:0.1,Multiplicity:2.31
0.918	0.021	0.036	0.025
0.957	0.001	0.031	0.011
0.910	0.025	0.036	0.029
0.873	0.044	0.042	0.041
0.852	0.052	0.050	0.046
0.900	0.025	0.036	0.039
0.932	0.022	0.027	0.019
0.920	0.020	0.035	0.025
>GGAARRGG	3-GGAARRGG	7.786846	-212.367121	0	T:746.0(85.35%),B:1927.7(49.27%),P:1e-92	Tpos:599.6,Tstd:456.7,Bpos:517.6,Bstd:473.1,StrandBias:-0.1,Multiplicity:2.73
0.001	0.001	0.997	0.001
0.001	0.001	0.997	0.001
0.611	0.001	0.387	0.001
0.997	0.001	0.001	0.001
0.455	0.001	0.543	0.001
0.427	0.001	0.571	0.001
0.383	0.001	0.615	0.001
0.191	0.001	0.807	0.001
>GGGCGGGG	4-GGGCGGGG	10.369906	-193.942209	0	T:478.0(54.69%),B:808.3(20.66%),P:1e-84	Tpos:607.1,Tstd:390.8,Bpos:504.9,Bstd:435.0,StrandBias:-0.2,Multiplicity:1.99
0.001	0.001	0.997	0.001
0.001	0.001	0.997	0.001
0.001	0.001	0.997	0.001
0.218	0.674	0.001	0.107
0.001	0.001	0.907	0.091
0.001	0.001	0.997	0.001
0.103	0.001	0.895	0.001
0.098	0.001	0.900	0.001
>CAGAGAAG	5-CAGAGAAG	5.740038	-184.350622	0	T:705.0(80.66%),B:1810.2(46.27%),P:1e-80	Tpos:552.7,Tstd:411.4,Bpos:525.6,Bstd:463.7,StrandBias:-0.0,Multiplicity:2.05
0.123	0.695	0.181	0.001
0.842	0.001	0.061	0.096
0.070	0.001	0.928	0.001
0.900	0.027	0.072	0.001
0.085	0.001	0.913	0.001
0.911	0.087	0.001	0.001
0.915	0.001	0.048	0.036
0.049	0.001	0.949	0.001
>GGAAGCTG	6-GGAAGCTG	7.463595	-170.898120	0	T:600.0(68.65%),B:1361.9(34.81%),P:1e-74	Tpos:557.3,Tstd:410.5,Bpos:539.8,Bstd:455.7,StrandBias:-0.1,Multiplicity:1.80
0.362	0.001	0.596	0.041
0.001	0.001	0.997	0.001
0.911	0.001	0.087	0.001
0.597	0.001	0.401	0.001
0.150	0.039	0.810	0.001
0.035	0.895	0.069	0.001
0.079	0.096	0.210	0.615
0.001	0.001	0.997	0.001
>ACTTCCTG	7-ACTTCCTG	7.769914	-164.759868	0	T:393.0(44.97%),B:612.8(15.66%),P:1e-71	Tpos:557.3,Tstd:415.3,Bpos:527.6,Bstd:505.0,StrandBias:-0.3,Multiplicity:1.32
0.543	0.001	0.362	0.094
0.001	0.718	0.001	0.280
0.001	0.001	0.001	0.997
0.001	0.001	0.001	0.997
0.001	0.750	0.001	0.248
0.001	0.866	0.132	0.001
0.001	0.001	0.144	0.854
0.001	0.001	0.997	0.001
>CAGGTGAA	8-CAGGTGAA	6.353190	-148.853033	0	T:622.0(71.17%),B:1548.7(39.59%),P:1e-64	Tpos:568.8,Tstd:423.6,Bpos:543.4,Bstd:490.6,StrandBias:-0.0,Multiplicity:1.68
0.001	0.828	0.170	0.001
0.791	0.001	0.001	0.207
0.001	0.001	0.997	0.001
0.001	0.003	0.995	0.001
0.362	0.001	0.001	0.636
0.252	0.001	0.746	0.001
0.997	0.001	0.001	0.001
0.754	0.001	0.244	0.001
>GGGCGGAG	9-GGGCGGAG	4.844273	-148.020450	0	T:747.0(85.47%),B:2198.8(56.20%),P:1e-64	Tpos:587.8,Tstd:403.0,Bpos:525.6,Bstd:445.1,StrandBias:0.0,Multiplicity:2.07
0.001	0.001	0.997	0.001
0.001	0.001	0.997	0.001
0.001	0.001	0.997	0.001
0.001	0.990	0.001	0.008
0.388	0.001	0.610	0.001
0.001	0.001	0.997	0.001
0.592	0.001	0.406	0.001
0.008	0.001	0.990	0.001
>AGAARCWG	10-AGAARCWG	5.685165	-146.455553	0	T:737.0(84.32%),B:2147.6(54.89%),P:1e-63	Tpos:564.7,Tstd:457.1,Bpos:538.9,Bstd:480.1,StrandBias:0.1,Multiplicity:1.77
0.554	0.001	0.062	0.383
0.023	0.163	0.812	0.002
0.643	0.102	0.216	0.039
0.695	0.001	0.303	0.001
0.447	0.168	0.385	0.001
0.284	0.572	0.082	0.062
0.492	0.001	0.118	0.390
0.045	0.001	0.953	0.001
>ATTTTWAA	11-ATTTTWAA	4.764920	-140.806520	0	T:477.0(54.58%),B:978.9(25.02%),P:1e-61	Tpos:647.9,Tstd:508.4,Bpos:529.4,Bstd:447.1,StrandBias:-0.1,Multiplicity:1.93
0.553	0.086	0.049	0.312
0.272	0.099	0.033	0.596
0.128	0.005	0.015	0.852
0.032	0.090	0.018	0.860
0.204	0.217	0.038	0.541
0.391	0.149	0.189	0.270
0.514	0.162	0.098	0.226
0.781	0.037	0.094	0.088
>AAGATGGC	12-AAGATGGC	7.801339	-135.941984	0	T:242.0(27.69%),B:264.2(6.75%),P:1e-59	Tpos:532.3,Tstd:357.8,Bpos:583.7,Bstd:440.0,StrandBias:0.1,Multiplicity:1.19
0.997	0.001	0.001	0.001
0.997	0.001	0.001	0.001
0.166	0.182	0.651	0.001
0.997	0.001	0.001	0.001
0.075	0.001	0.001	0.923
0.001	0.001	0.997	0.001
0.001	0.001	0.997	0.001
0.063	0.935	0.001	0.001
>YTTYCMAA	13-YTTYCMAA	5.826426	-132.232558	0	T:559.0(63.96%),B:1340.2(34.26%),P:1e-57	Tpos:597.8,Tstd:474.4,Bpos:546.4,Bstd:463.8,StrandBias:-0.2,Multiplicity:1.58
0.032	0.424	0.001	0.543
0.001	0.246	0.001	0.752
0.001	0.390	0.001	0.608
0.019	0.546	0.012	0.423
0.093	0.840	0.049	0.018
0.444	0.452	0.100	0.004
0.756	0.138	0.032	0.074
0.713	0.111	0.133	0.043
>GCGGCGGC	14-GCGGCGGC	8.046465	-125.480419	0	T:605.0(69.22%),B:1573.6(40.22%),P:1e-54	Tpos:580.8,Tstd:391.6,Bpos:519.1,Bstd:442.7,StrandBias:-0.1,Multiplicity:2.25
0.001	0.001	0.997	0.001
0.001	0.997	0.001	0.001
0.156	0.001	0.532	0.311
0.001	0.001	0.997	0.001
0.001	0.997	0.001	0.001
0.001	0.001	0.687	0.311
0.001	0.001	0.997	0.001
0.001	0.997	0.001	0.001
>CCAGCTCC	15-CCAGCTCC	7.852592	-124.447894	0	T:586.0(67.05%),B:1492.8(38.16%),P:1e-54	Tpos:577.4,Tstd:442.8,Bpos:520.5,Bstd:469.5,StrandBias:0.0,Multiplicity:1.84
0.001	0.872	0.126	0.001
0.001	0.997	0.001	0.001
0.797	0.001	0.124	0.078
0.001	0.149	0.849	0.001
0.001	0.955	0.001	0.043
0.074	0.200	0.001	0.725
0.001	0.997	0.001	0.001
0.001	0.947	0.001	0.051
>AGTCCCAG	16-AGTCCCAG	7.012662	-124.444300	0	T:472.0(54.00%),B:1022.2(26.13%),P:1e-54	Tpos:617.9,Tstd:453.4,Bpos:527.7,Bstd:470.0,StrandBias:0.0,Multiplicity:1.49
0.960	0.001	0.038	0.001
0.197	0.056	0.701	0.046
0.001	0.104	0.229	0.666
0.001	0.962	0.001	0.036
0.021	0.934	0.001	0.044
0.014	0.984	0.001	0.001
0.933	0.001	0.001	0.065
0.001	0.025	0.973	0.001
>TTTCWGAA	17-TTTCWGAA	5.219049	-117.308143	0	T:473.0(54.12%),B:1055.2(26.97%),P:1e-50	Tpos:571.8,Tstd:458.2,Bpos:564.8,Bstd:478.4,StrandBias:0.0,Multiplicity:1.36
0.092	0.209	0.088	0.611
0.017	0.305	0.050	0.628
0.071	0.278	0.109	0.542
0.039	0.710	0.122	0.129
0.385	0.078	0.003	0.534
0.115	0.050	0.651	0.184
0.380	0.205	0.222	0.192
0.669	0.030	0.248	0.053
>TTATTAAT	18-TTATTAAT	5.596769	-111.015427	0	T:306.0(35.01%),B:502.9(12.86%),P:1e-48	Tpos:607.8,Tstd:500.1,Bpos:526.7,Bstd:448.2,StrandBias:-0.1,Multiplicity:1.25
0.135	0.001	0.001	0.863
0.069	0.150	0.137	0.644
0.696	0.071	0.045	0.188
0.150	0.022	0.063	0.765
0.054	0.043	0.059	0.844
0.689	0.135	0.036	0.140
0.640	0.103	0.108	0.149
0.090	0.012	0.034	0.864
>CCAGAGCC	19-CCAGAGCC	7.670904	-102.816476	0	T:534.0(61.10%),B:1368.3(34.97%),P:1e-44	Tpos:549.3,Tstd:385.9,Bpos:549.9,Bstd:467.9,StrandBias:-0.0,Multiplicity:1.54
0.001	0.955	0.043	0.001
0.001	0.997	0.001	0.001
0.794	0.001	0.141	0.064
0.039	0.079	0.881	0.001
0.849	0.072	0.078	0.001
0.001	0.107	0.891	0.001
0.048	0.779	0.137	0.036
0.001	0.930	0.001	0.068
>CCAGGCTG	20-CCAGGCTG	5.941731	-86.793856	0	T:424.0(48.51%),B:1003.9(25.66%),P:1e-37	Tpos:606.8,Tstd:466.8,Bpos:534.9,Bstd:442.4,StrandBias:-0.1,Multiplicity:1.44
0.001	0.910	0.001	0.088
0.001	0.997	0.001	0.001
0.997	0.001	0.001	0.001
0.001	0.001	0.997	0.001
0.001	0.366	0.632	0.001
0.001	0.997	0.001	0.001
0.001	0.001	0.001	0.997
0.001	0.106	0.892	0.001
>CCAGGCCT	21-CCAGGCCT	5.620918	-75.828119	0	T:616.0(70.48%),B:1887.4(48.24%),P:1e-32	Tpos:564.7,Tstd:414.4,Bpos:513.2,Bstd:459.9,StrandBias:0.0,Multiplicity:1.80
0.097	0.584	0.165	0.154
0.175	0.602	0.105	0.118
0.650	0.095	0.112	0.143
0.164	0.048	0.696	0.092
0.170	0.136	0.530	0.164
0.154	0.526	0.164	0.156
0.050	0.731	0.065	0.154
0.079	0.130	0.106	0.685
>TGACGTCA	22-TGACGTCA	8.236954	-42.339359	0	T:47.0(5.38%),B:24.5(0.63%),P:1e-18	Tpos:568.4,Tstd:337.9,Bpos:516.4,Bstd:363.1,StrandBias:0.0,Multiplicity:1.04
0.100	0.100	0.100	0.700
0.100	0.100	0.700	0.100
0.700	0.100	0.100	0.100
0.100	0.700	0.100	0.100
0.100	0.100	0.700	0.100
0.100	0.100	0.100	0.700
0.100	0.700	0.100	0.100
0.700	0.100	0.100	0.100
>GCGCATGC	23-GCGCATGC	9.478942	-39.524580	0	T:234.0(26.77%),B:557.1(14.24%),P:1e-17	Tpos:555.5,Tstd:357.4,Bpos:539.7,Bstd:430.9,StrandBias:-0.2,Multiplicity:1.34
0.053	0.001	0.945	0.001
0.001	0.997	0.001	0.001
0.001	0.001	0.997	0.001
0.001	0.997	0.001	0.001
0.714	0.284	0.001	0.001
0.001	0.001	0.243	0.755
0.001	0.001	0.997	0.001
0.001	0.997	0.001	0.001
>CACACACA	24-CACACACA	8.533513	-28.717475	0	T:111.0(12.70%),B:210.3(5.37%),P:1e-12	Tpos:597.4,Tstd:520.3,Bpos:589.2,Bstd:494.2,StrandBias:-0.2,Multiplicity:1.21
0.001	0.997	0.001	0.001
0.904	0.001	0.001	0.094
0.001	0.997	0.001	0.001
0.997	0.001	0.001	0.001
0.001	0.840	0.158	0.001
0.997	0.001	0.001	0.001
0.001	0.997	0.001	0.001
0.997	0.001	0.001	0.001
>MAACCAAT	25-MAACCAAT	6.022899	-27.777390	0	T:112.0(12.81%),B:217.5(5.56%),P:1e-12	Tpos:564.3,Tstd:366.3,Bpos:605.4,Bstd:510.2,StrandBias:0.1,Multiplicity:1.25
0.567	0.421	0.001	0.011
0.997	0.001	0.001	0.001
0.583	0.001	0.415	0.001
0.001	0.997	0.001	0.001
0.001	0.997	0.001	0.001
0.997	0.001	0.001	0.001
0.997	0.001	0.001	0.001
0.001	0.001	0.001	0.997
