>RGGGGCGGGGCB	1-RGGGGCGGGGCB	9.630356	-324.362344	0	T:526.0(60.18%),B:651.9(16.66%),P:1e-140	Tpos:589.1,Tstd:368.7,Bpos:514.2,Bstd:426.9,StrandBias:-0.1,Multiplicity:1.90
0.338	0.203	0.388	0.071
0.092	0.001	0.830	0.077
0.144	0.039	0.816	0.001
0.001	0.001	0.997	0.001
0.001	0.207	0.791	0.001
0.200	0.695	0.001	0.104
0.072	0.001	0.926	0.001
0.001	0.001	0.976	0.022
0.158	0.001	0.840	0.001
0.082	0.001	0.916	0.001
0.362	0.586	0.031	0.021
0.051	0.314	0.387	0.249
>GAGGVAGAGRAR	2-GAGGVAGAGRAR	6.781636	-298.877224	0	T:729.0(83.41%),B:1540.8(39.38%),P:1e-129	Tpos:584.4,Tstd:451.8,Bpos:506.1,Bstd:470.4,StrandBias:-0.0,Multiplicity:2.32
0.314	0.124	0.538	0.024
0.544	0.016	0.390	0.050
0.156	0.001	0.842	0.001
0.360	0.062	0.511	0.067
0.377	0.299	0.306	0.018
0.722	0.008	0.033	0.237
0.262	0.035	0.702	0.001
0.684	0.002	0.292	0.022
0.237	0.001	0.733	0.029
0.486	0.021	0.491	0.002
0.487	0.151	0.324	0.038
0.438	0.122	0.314	0.127
>TTTTTTTTTTTT	3-TTTTTTTTTTTT	5.465899	-290.265445	0	T:347.0(39.70%),B:246.9(6.31%),P:1e-126	Tpos:600.6,Tstd:529.3,Bpos:543.3,Bstd:540.0,StrandBias:-0.1,Multiplicity:1.68
0.125	0.075	0.140	0.660
0.103	0.025	0.115	0.757
0.088	0.055	0.078	0.779
0.090	0.023	0.118	0.769
0.078	0.040	0.095	0.787
0.128	0.023	0.113	0.736
0.100	0.030	0.078	0.792
0.080	0.040	0.088	0.792
0.085	0.043	0.095	0.777
0.093	0.043	0.105	0.759
0.120	0.053	0.098	0.729
0.135	0.070	0.093	0.702
>RGGAGGAGGAGG	4-RGGAGGAGGAGG	8.543318	-259.924180	0	T:472.0(54.00%),B:621.0(15.87%),P:1e-112	Tpos:594.0,Tstd:416.6,Bpos:517.7,Bstd:490.6,StrandBias:-0.1,Multiplicity:1.90
0.441	0.068	0.472	0.018
0.093	0.024	0.859	0.024
0.194	0.030	0.775	0.001
0.766	0.018	0.204	0.012
0.102	0.012	0.885	0.001
0.074	0.024	0.901	0.001
0.808	0.048	0.132	0.012
0.114	0.001	0.884	0.001
0.012	0.045	0.942	0.001
0.630	0.036	0.244	0.090
0.227	0.018	0.725	0.030
0.045	0.134	0.820	0.001
>SCCTCAGCYYCC	5-SCCTCAGCYYCC	8.508865	-200.236918	0	T:623.0(71.28%),B:1355.8(34.65%),P:1e-86	Tpos:593.5,Tstd:407.9,Bpos:539.8,Bstd:485.9,StrandBias:-0.0,Multiplicity:1.68
0.127	0.407	0.278	0.188
0.001	0.914	0.084	0.001
0.001	0.976	0.001	0.022
0.001	0.290	0.259	0.450
0.001	0.983	0.015	0.001
0.537	0.108	0.347	0.008
0.001	0.072	0.926	0.001
0.001	0.651	0.168	0.180
0.001	0.433	0.071	0.495
0.001	0.519	0.048	0.432
0.001	0.997	0.001	0.001
0.086	0.544	0.215	0.155
>GGCGGCGGCGGC	6-GGCGGCGGCGGC	10.016864	-191.383030	0	T:333.0(38.10%),B:377.7(9.65%),P:1e-83	Tpos:623.7,Tstd:410.4,Bpos:502.9,Bstd:393.2,StrandBias:-0.1,Multiplicity:1.75
0.106	0.048	0.830	0.016
0.019	0.001	0.979	0.001
0.151	0.645	0.072	0.132
0.072	0.023	0.845	0.060
0.001	0.006	0.992	0.001
0.114	0.689	0.103	0.094
0.092	0.039	0.820	0.049
0.040	0.042	0.917	0.001
0.073	0.826	0.061	0.040
0.084	0.053	0.806	0.057
0.058	0.065	0.876	0.001
0.071	0.702	0.160	0.067
>DGCAGCWGCWGC	7-DGCAGCWGCWGC	7.475695	-188.863422	0	T:462.0(52.86%),B:768.4(19.64%),P:1e-82	Tpos:570.0,Tstd:391.8,Bpos:544.9,Bstd:432.9,StrandBias:0.0,Multiplicity:1.52
0.349	0.178	0.258	0.214
0.024	0.101	0.874	0.001
0.021	0.874	0.104	0.001
0.631	0.086	0.053	0.230
0.008	0.008	0.983	0.001
0.008	0.964	0.027	0.001
0.502	0.043	0.045	0.410
0.011	0.024	0.964	0.001
0.016	0.954	0.029	0.001
0.394	0.157	0.126	0.324
0.032	0.067	0.900	0.001
0.072	0.817	0.110	0.001
>WAAATTTTAAAA	8-WAAATTTTAAAA	4.678659	-188.700780	0	T:375.0(42.91%),B:497.3(12.71%),P:1e-81	Tpos:668.3,Tstd:514.2,Bpos:518.6,Bstd:421.6,StrandBias:-0.1,Multiplicity:1.67
0.395	0.052	0.081	0.471
0.563	0.070	0.081	0.286
0.716	0.093	0.081	0.110
0.610	0.058	0.058	0.274
0.308	0.093	0.052	0.547
0.099	0.041	0.064	0.796
0.064	0.075	0.046	0.815
0.082	0.023	0.064	0.831
0.563	0.064	0.041	0.332
0.796	0.041	0.041	0.122
0.826	0.047	0.052	0.075
0.610	0.087	0.041	0.262
>YYYCCAVNYYYY	9-YYYCCAVNYYYY	7.314432	-174.734131	0	T:709.0(81.12%),B:1870.9(47.82%),P:1e-75	Tpos:566.6,Tstd:439.5,Bpos:553.7,Bstd:481.1,StrandBias:0.1,Multiplicity:2.02
0.277	0.429	0.001	0.292
0.231	0.424	0.001	0.344
0.001	0.563	0.001	0.435
0.001	0.587	0.001	0.411
0.001	0.997	0.001	0.001
0.997	0.001	0.001	0.001
0.256	0.353	0.390	0.001
0.243	0.258	0.267	0.232
0.001	0.506	0.001	0.492
0.001	0.547	0.001	0.451
0.001	0.468	0.117	0.414
0.001	0.433	0.246	0.320
>CCTCAGCCTCCC	10-CCTCAGCCTCCC	7.464392	-168.261489	0	T:620.0(70.94%),B:1460.4(37.33%),P:1e-73	Tpos:567.0,Tstd:394.3,Bpos:520.6,Bstd:473.0,StrandBias:0.1,Multiplicity:1.44
0.050	0.765	0.120	0.065
0.059	0.800	0.062	0.079
0.110	0.112	0.151	0.627
0.065	0.763	0.110	0.062
0.658	0.144	0.128	0.070
0.049	0.090	0.809	0.052
0.066	0.781	0.083	0.070
0.092	0.771	0.092	0.045
0.111	0.065	0.140	0.684
0.049	0.772	0.106	0.073
0.092	0.767	0.072	0.069
0.043	0.806	0.077	0.074
>CAAGATGGCGGC	11-CAAGATGGCGGC	10.779834	-164.367834	0	T:126.0(14.42%),B:23.2(0.59%),P:1e-71	Tpos:520.6,Tstd:313.1,Bpos:615.6,Bstd:452.4,StrandBias:0.4,Multiplicity:1.05
0.064	0.541	0.331	0.064
0.997	0.001	0.001	0.001
0.995	0.001	0.003	0.001
0.264	0.135	0.600	0.001
0.997	0.001	0.001	0.001
0.001	0.001	0.001	0.997
0.001	0.001	0.997	0.001
0.001	0.001	0.995	0.003
0.001	0.997	0.001	0.001
0.001	0.132	0.739	0.128
0.132	0.257	0.543	0.068
0.138	0.606	0.064	0.192
>VSCSRCTTCCGG	12-VSCSRCTTCCGG	8.792661	-162.689387	0	T:446.0(51.03%),B:792.1(20.25%),P:1e-70	Tpos:567.1,Tstd:399.0,Bpos:539.4,Bstd:483.5,StrandBias:-0.1,Multiplicity:1.42
0.227	0.361	0.264	0.149
0.173	0.398	0.428	0.001
0.174	0.406	0.239	0.181
0.127	0.479	0.392	0.001
0.408	0.001	0.513	0.078
0.001	0.907	0.001	0.091
0.001	0.310	0.001	0.688
0.001	0.001	0.001	0.997
0.001	0.997	0.001	0.001
0.001	0.997	0.001	0.001
0.001	0.001	0.627	0.371
0.001	0.398	0.570	0.031
>GCGCATGCGCAG	13-GCGCATGCGCAG	11.324219	-153.346832	0	T:137.0(15.68%),B:43.1(1.10%),P:1e-66	Tpos:498.3,Tstd:278.1,Bpos:553.2,Bstd:411.6,StrandBias:0.3,Multiplicity:1.18
0.080	0.001	0.918	0.001
0.106	0.837	0.056	0.001
0.057	0.033	0.909	0.001
0.031	0.967	0.001	0.001
0.632	0.173	0.138	0.057
0.067	0.173	0.262	0.498
0.008	0.024	0.944	0.024
0.001	0.979	0.001	0.019
0.001	0.008	0.910	0.081
0.001	0.923	0.020	0.056
0.490	0.191	0.226	0.093
0.198	0.235	0.482	0.085
>GAGSCTGGVVNN	14-GAGSCTGGVVNN	7.873385	-133.926933	0	T:426.0(48.74%),B:818.4(20.92%),P:1e-58	Tpos:605.2,Tstd:477.4,Bpos:522.0,Bstd:456.8,StrandBias:0.1,Multiplicity:1.61
0.016	0.395	0.582	0.007
0.723	0.080	0.132	0.065
0.041	0.044	0.888	0.027
0.012	0.474	0.495	0.019
0.027	0.899	0.047	0.027
0.075	0.097	0.117	0.711
0.024	0.018	0.927	0.031
0.018	0.075	0.872	0.035
0.286	0.329	0.376	0.009
0.198	0.287	0.334	0.180
0.197	0.281	0.326	0.196
0.197	0.309	0.290	0.204
>CCSGGCCSGGCC	15-CCSGGCCSGGCC	9.120320	-115.743686	0	T:380.0(43.48%),B:724.1(18.51%),P:1e-50	Tpos:584.3,Tstd:416.5,Bpos:498.4,Bstd:410.6,StrandBias:-0.0,Multiplicity:1.30
0.001	0.997	0.001	0.001
0.001	0.609	0.156	0.234
0.072	0.482	0.429	0.017
0.308	0.001	0.690	0.001
0.001	0.001	0.997	0.001
0.001	0.997	0.001	0.001
0.001	0.716	0.001	0.282
0.001	0.534	0.464	0.001
0.284	0.001	0.714	0.001
0.001	0.001	0.997	0.001
0.001	0.767	0.231	0.001
0.013	0.704	0.024	0.259
>MAGCCCCTTCYC	16-MAGCCCCTTCYC	8.533427	-99.404380	0	T:224.0(25.63%),B:302.6(7.73%),P:1e-43	Tpos:574.1,Tstd:458.2,Bpos:550.8,Bstd:552.5,StrandBias:0.1,Multiplicity:1.12
0.504	0.432	0.021	0.043
0.650	0.034	0.315	0.001
0.327	0.001	0.525	0.147
0.084	0.725	0.042	0.149
0.022	0.747	0.189	0.042
0.063	0.765	0.043	0.129
0.107	0.658	0.001	0.234
0.084	0.021	0.127	0.768
0.055	0.042	0.042	0.861
0.001	0.957	0.001	0.041
0.086	0.408	0.001	0.505
0.001	0.896	0.041	0.062
>GCTGGGATTACA	17-GCTGGGATTACA	9.488791	-89.689049	0	T:52.0(5.95%),B:0.8(0.02%),P:1e-38	Tpos:790.0,Tstd:565.2,Bpos:574.1,Bstd:67.1,StrandBias:-0.3,Multiplicity:1.33
0.026	0.001	0.972	0.001
0.001	0.945	0.001	0.053
0.001	0.001	0.001	0.997
0.026	0.001	0.972	0.001
0.001	0.001	0.972	0.026
0.001	0.001	0.997	0.001
0.997	0.001	0.001	0.001
0.001	0.080	0.027	0.892
0.026	0.001	0.001	0.972
0.997	0.001	0.001	0.001
0.001	0.972	0.001	0.026
0.972	0.001	0.026	0.001
>CAGAGCCCAGGA	18-CAGAGCCCAGGA	6.782872	-85.003707	0	T:597.0(68.31%),B:1743.0(44.55%),P:1e-36	Tpos:568.4,Tstd:418.7,Bpos:533.0,Bstd:470.2,StrandBias:-0.0,Multiplicity:1.69
0.077	0.793	0.084	0.046
0.699	0.070	0.140	0.091
0.088	0.123	0.750	0.039
0.712	0.070	0.130	0.088
0.070	0.077	0.783	0.070
0.060	0.744	0.105	0.091
0.056	0.748	0.126	0.070
0.074	0.782	0.088	0.056
0.681	0.105	0.119	0.095
0.074	0.056	0.821	0.049
0.105	0.095	0.761	0.039
0.726	0.109	0.102	0.063
>CTCGAACTCCTG	19-CTCGAACTCCTG	10.998832	-79.017969	0	T:86.0(9.84%),B:42.7(1.09%),P:1e-34	Tpos:554.6,Tstd:396.0,Bpos:683.3,Bstd:514.4,StrandBias:-0.4,Multiplicity:1.07
0.001	0.997	0.001	0.001
0.001	0.001	0.001	0.997
0.079	0.760	0.160	0.001
0.158	0.211	0.552	0.079
0.509	0.191	0.299	0.001
0.586	0.001	0.412	0.001
0.078	0.920	0.001	0.001
0.001	0.001	0.001	0.997
0.001	0.997	0.001	0.001
0.001	0.997	0.001	0.001
0.001	0.200	0.213	0.586
0.001	0.001	0.997	0.001
>TGGGARTTGTAG	20-TGGGARTTGTAG	11.070165	-60.516153	0	T:53.0(6.06%),B:15.9(0.41%),P:1e-26	Tpos:521.6,Tstd:372.0,Bpos:511.7,Bstd:371.4,StrandBias:0.2,Multiplicity:1.37
0.046	0.140	0.046	0.768
0.001	0.001	0.997	0.001
0.001	0.001	0.997	0.001
0.001	0.045	0.953	0.001
0.861	0.001	0.092	0.046
0.339	0.048	0.473	0.140
0.189	0.186	0.049	0.576
0.046	0.046	0.093	0.815
0.001	0.001	0.953	0.045
0.046	0.046	0.001	0.907
0.860	0.001	0.138	0.001
0.001	0.001	0.997	0.001
>TCAAGCGATCCT	21-TCAAGCGATCCT	12.409226	-56.683090	0	T:35.0(4.00%),B:1.1(0.03%),P:1e-24	Tpos:687.9,Tstd:607.3,Bpos:931.0,Bstd:395.9,StrandBias:-1.5,Multiplicity:1.17
0.001	0.001	0.001	0.997
0.001	0.997	0.001	0.001
0.997	0.001	0.001	0.001
0.997	0.001	0.001	0.001
0.001	0.070	0.928	0.001
0.001	0.856	0.001	0.142
0.071	0.071	0.857	0.001
0.997	0.001	0.001	0.001
0.001	0.001	0.001	0.997
0.001	0.713	0.001	0.285
0.001	0.997	0.001	0.001
0.001	0.001	0.070	0.928
>GGCGTGAGCCAC	22-GGCGTGAGCCAC	13.277829	-54.978376	0	T:34.0(3.89%),B:2.0(0.05%),P:1e-23	Tpos:718.1,Tstd:589.4,Bpos:473.4,Bstd:233.2,StrandBias:-0.5,Multiplicity:1.06
0.001	0.001	0.997	0.001
0.049	0.001	0.949	0.001
0.001	0.949	0.001	0.049
0.149	0.001	0.849	0.001
0.001	0.001	0.001	0.997
0.001	0.001	0.997	0.001
0.949	0.001	0.049	0.001
0.001	0.001	0.997	0.001
0.001	0.997	0.001	0.001
0.001	0.997	0.001	0.001
0.997	0.001	0.001	0.001
0.001	0.949	0.001	0.049
>VRGTCACGTGAB	23-VRGTCACGTGAB	8.914322	-54.861800	0	T:77.0(8.81%),B:58.3(1.49%),P:1e-23	Tpos:519.1,Tstd:241.7,Bpos:489.2,Bstd:402.9,StrandBias:-0.0,Multiplicity:1.19
0.304	0.217	0.327	0.152
0.243	0.185	0.386	0.186
0.135	0.110	0.637	0.118
0.042	0.016	0.001	0.941
0.084	0.823	0.034	0.059
0.933	0.033	0.001	0.033
0.143	0.722	0.118	0.017
0.102	0.135	0.665	0.098
0.050	0.001	0.022	0.927
0.098	0.110	0.716	0.076
0.507	0.183	0.175	0.135
0.144	0.340	0.304	0.212
>TCTYRGCTCACT	24-TCTYRGCTCACT	11.284497	-53.256837	0	T:36.0(4.12%),B:3.9(0.10%),P:1e-23	Tpos:684.4,Tstd:532.6,Bpos:701.9,Bstd:187.3,StrandBias:-1.2,Multiplicity:1.08
0.001	0.001	0.001	0.997
0.001	0.997	0.001	0.001
0.262	0.001	0.001	0.736
0.001	0.468	0.131	0.400
0.532	0.001	0.462	0.005
0.001	0.001	0.997	0.001
0.131	0.867	0.001	0.001
0.001	0.131	0.001	0.867
0.001	0.867	0.001	0.131
0.997	0.001	0.001	0.001
0.001	0.863	0.005	0.131
0.001	0.136	0.001	0.862
>TGTGTGTGTGTG	25-TGTGTGTGTGTG	12.105569	-28.790664	0	T:23.0(2.63%),B:5.0(0.13%),P:1e-12	Tpos:612.0,Tstd:584.1,Bpos:550.1,Bstd:250.3,StrandBias:1.4,Multiplicity:1.05
0.001	0.023	0.016	0.960
0.016	0.001	0.967	0.016
0.015	0.001	0.001	0.983
0.016	0.016	0.967	0.001
0.016	0.016	0.001	0.967
0.016	0.001	0.967	0.016
0.015	0.001	0.001	0.983
0.015	0.001	0.983	0.001
0.001	0.015	0.001	0.983
0.016	0.001	0.967	0.016
0.001	0.001	0.001	0.997
0.016	0.001	0.935	0.048
