>YYYYYYYYYY	1-YYYYYYYYYY	7.041037	-346.194770	0	T:632.0(72.31%),B:973.7(24.89%),P:1e-150	Tpos:576.0,Tstd:425.5,Bpos:499.4,Bstd:496.0,StrandBias:0.1,Multiplicity:1.84
0.001	0.450	0.001	0.548
0.001	0.473	0.001	0.525
0.001	0.427	0.001	0.571
0.001	0.446	0.001	0.552
0.001	0.487	0.001	0.511
0.001	0.428	0.001	0.570
0.001	0.459	0.001	0.539
0.001	0.479	0.001	0.519
0.001	0.522	0.001	0.476
0.001	0.555	0.001	0.443
>TTTTTTTTTT	2-TTTTTTTTTT	5.122274	-294.926929	0	T:396.0(45.31%),B:348.9(8.92%),P:1e-128	Tpos:593.6,Tstd:517.8,Bpos:577.7,Bstd:559.9,StrandBias:-0.0,Multiplicity:1.83
0.057	0.062	0.041	0.840
0.058	0.036	0.069	0.837
0.092	0.109	0.041	0.758
0.071	0.085	0.062	0.782
0.085	0.062	0.075	0.778
0.108	0.033	0.084	0.775
0.079	0.071	0.045	0.805
0.070	0.061	0.048	0.821
0.084	0.083	0.029	0.804
0.069	0.074	0.054	0.803
>GGAGGAGGAG	3-GGAGGAGGAG	7.746096	-284.640267	0	T:433.0(49.54%),B:459.4(11.74%),P:1e-123	Tpos:579.2,Tstd:402.9,Bpos:554.8,Bstd:433.3,StrandBias:0.0,Multiplicity:1.67
0.021	0.019	0.944	0.016
0.038	0.018	0.943	0.001
0.910	0.032	0.036	0.022
0.033	0.012	0.954	0.001
0.011	0.019	0.969	0.001
0.869	0.054	0.037	0.040
0.022	0.015	0.962	0.001
0.028	0.015	0.956	0.001
0.849	0.066	0.067	0.018
0.055	0.027	0.896	0.022
>RGGGAGGGRV	4-RGGGAGGGRV	8.107742	-269.239545	0	T:689.0(78.83%),B:1431.3(36.58%),P:1e-116	Tpos:601.3,Tstd:404.0,Bpos:513.7,Bstd:468.2,StrandBias:-0.1,Multiplicity:2.89
0.381	0.001	0.487	0.131
0.037	0.001	0.961	0.001
0.115	0.001	0.883	0.001
0.262	0.039	0.698	0.001
0.652	0.321	0.001	0.026
0.241	0.001	0.727	0.031
0.105	0.001	0.893	0.001
0.359	0.001	0.639	0.001
0.463	0.001	0.535	0.001
0.282	0.306	0.410	0.001
>CCRCTTCCTG	5-CCRCTTCCTG	7.232401	-234.845109	0	T:556.0(63.62%),B:971.5(24.83%),P:1e-101	Tpos:554.9,Tstd:415.4,Bpos:524.9,Bstd:446.3,StrandBias:-0.0,Multiplicity:1.52
0.085	0.494	0.205	0.215
0.212	0.437	0.176	0.175
0.331	0.109	0.402	0.158
0.001	0.666	0.001	0.332
0.001	0.061	0.001	0.937
0.001	0.017	0.052	0.930
0.007	0.882	0.001	0.110
0.027	0.971	0.001	0.001
0.036	0.073	0.242	0.649
0.001	0.199	0.724	0.076
>CHGCHGCTGC	6-CHGCHGCTGC	8.024628	-217.457818	0	T:565.0(64.65%),B:1057.9(27.04%),P:1e-94	Tpos:596.4,Tstd:417.5,Bpos:539.9,Bstd:445.4,StrandBias:0.0,Multiplicity:2.11
0.001	0.937	0.001	0.061
0.307	0.288	0.046	0.360
0.001	0.001	0.952	0.046
0.001	0.959	0.039	0.001
0.268	0.319	0.001	0.413
0.109	0.133	0.579	0.179
0.001	0.997	0.001	0.001
0.307	0.178	0.001	0.514
0.060	0.172	0.722	0.046
0.001	0.914	0.064	0.021
>GAGGCCGCGG	7-GAGGCCGCGG	6.418408	-207.740248	0	T:658.0(75.29%),B:1488.1(38.04%),P:1e-90	Tpos:587.3,Tstd:410.6,Bpos:539.2,Bstd:482.9,StrandBias:0.1,Multiplicity:1.76
0.001	0.001	0.997	0.001
0.997	0.001	0.001	0.001
0.178	0.001	0.820	0.001
0.001	0.001	0.997	0.001
0.299	0.699	0.001	0.001
0.127	0.452	0.238	0.182
0.001	0.141	0.857	0.001
0.127	0.803	0.001	0.069
0.415	0.001	0.583	0.001
0.001	0.001	0.997	0.001
>GGRGCTGGGR	8-GGRGCTGGGR	7.688136	-200.705549	0	T:635.0(72.65%),B:1407.6(35.98%),P:1e-87	Tpos:593.4,Tstd:440.3,Bpos:513.6,Bstd:471.3,StrandBias:0.1,Multiplicity:2.09
0.372	0.001	0.561	0.066
0.253	0.001	0.686	0.060
0.362	0.086	0.429	0.123
0.143	0.298	0.493	0.066
0.001	0.747	0.199	0.053
0.001	0.001	0.001	0.997
0.001	0.001	0.997	0.001
0.300	0.001	0.698	0.001
0.224	0.001	0.774	0.001
0.370	0.180	0.449	0.001
>CATTTCCCAG	9-CATTTCCCAG	7.422352	-182.221369	0	T:430.0(49.20%),B:681.0(17.41%),P:1e-79	Tpos:542.6,Tstd:417.9,Bpos:559.4,Bstd:475.1,StrandBias:-0.2,Multiplicity:1.28
0.089	0.744	0.130	0.037
0.437	0.221	0.154	0.188
0.084	0.083	0.148	0.685
0.001	0.226	0.001	0.772
0.001	0.129	0.001	0.869
0.001	0.932	0.001	0.066
0.001	0.709	0.001	0.289
0.001	0.997	0.001	0.001
0.888	0.001	0.001	0.110
0.070	0.073	0.856	0.001
>GGWGARDGWG	10-GGWGARDGWG	6.847848	-159.416704	0	T:487.0(55.72%),B:949.8(24.28%),P:1e-69	Tpos:567.7,Tstd:433.3,Bpos:568.9,Bstd:507.0,StrandBias:-0.1,Multiplicity:1.38
0.069	0.045	0.840	0.046
0.049	0.099	0.699	0.153
0.493	0.014	0.061	0.432
0.064	0.027	0.804	0.105
0.767	0.039	0.155	0.039
0.322	0.200	0.468	0.010
0.257	0.047	0.406	0.290
0.018	0.257	0.613	0.112
0.257	0.137	0.218	0.388
0.107	0.058	0.687	0.148
>CCCAGCCCAG	11-CCCAGCCCAG	6.652942	-158.915679	0	T:538.0(61.56%),B:1147.4(29.33%),P:1e-69	Tpos:569.6,Tstd:393.0,Bpos:506.0,Bstd:429.4,StrandBias:0.1,Multiplicity:1.56
0.093	0.650	0.132	0.125
0.154	0.536	0.156	0.154
0.161	0.618	0.151	0.070
0.435	0.184	0.183	0.197
0.077	0.177	0.645	0.101
0.090	0.579	0.218	0.113
0.090	0.672	0.110	0.128
0.094	0.751	0.070	0.085
0.440	0.200	0.159	0.201
0.083	0.226	0.626	0.065
>RGAGSCCAGR	12-RGAGSCCAGR	6.268160	-150.551602	0	T:700.0(80.09%),B:1925.3(49.21%),P:1e-65	Tpos:574.1,Tstd:436.7,Bpos:536.3,Bstd:469.7,StrandBias:0.2,Multiplicity:1.85
0.345	0.025	0.461	0.168
0.083	0.208	0.686	0.023
0.887	0.037	0.051	0.025
0.132	0.132	0.562	0.174
0.147	0.374	0.312	0.166
0.089	0.650	0.232	0.029
0.042	0.497	0.272	0.189
0.451	0.077	0.242	0.230
0.044	0.016	0.824	0.116
0.353	0.123	0.499	0.025
>AARATGGMGD	13-AARATGGMGD	8.075123	-147.804592	0	T:181.0(20.71%),B:116.3(2.97%),P:1e-64	Tpos:526.1,Tstd:352.7,Bpos:580.4,Bstd:403.5,StrandBias:0.1,Multiplicity:1.12
0.803	0.088	0.066	0.043
0.841	0.017	0.092	0.050
0.385	0.121	0.481	0.013
0.886	0.060	0.021	0.033
0.094	0.009	0.038	0.859
0.064	0.031	0.861	0.044
0.063	0.021	0.735	0.181
0.377	0.424	0.072	0.127
0.059	0.219	0.555	0.167
0.292	0.104	0.370	0.235
>AATTTTTAAA	14-AATTTTTAAA	4.500470	-143.095267	0	T:499.0(57.09%),B:1053.9(26.94%),P:1e-62	Tpos:672.0,Tstd:523.2,Bpos:536.0,Bstd:461.4,StrandBias:0.1,Multiplicity:2.01
0.644	0.116	0.121	0.119
0.665	0.105	0.103	0.127
0.147	0.095	0.110	0.648
0.092	0.080	0.074	0.754
0.090	0.080	0.072	0.758
0.094	0.100	0.107	0.699
0.160	0.110	0.110	0.620
0.706	0.100	0.075	0.119
0.768	0.090	0.079	0.063
0.740	0.074	0.104	0.082
>CTCAGTTTTC	15-CTCAGTTTTC	6.945990	-137.939972	0	T:334.0(38.22%),B:507.1(12.96%),P:1e-59	Tpos:525.0,Tstd:433.3,Bpos:529.0,Bstd:432.8,StrandBias:0.0,Multiplicity:1.26
0.044	0.803	0.063	0.090
0.047	0.092	0.055	0.806
0.052	0.763	0.108	0.077
0.794	0.059	0.079	0.068
0.059	0.073	0.780	0.088
0.051	0.076	0.121	0.752
0.044	0.083	0.048	0.825
0.023	0.093	0.023	0.861
0.050	0.122	0.053	0.775
0.044	0.846	0.048	0.062
>CAGASCCAGV	16-CAGASCCAGV	6.695320	-115.583020	0	T:648.0(74.14%),B:1824.6(46.64%),P:1e-50	Tpos:593.1,Tstd:427.0,Bpos:526.9,Bstd:446.2,StrandBias:0.2,Multiplicity:1.77
0.123	0.842	0.034	0.001
0.795	0.029	0.045	0.131
0.079	0.087	0.811	0.023
0.562	0.070	0.324	0.044
0.045	0.434	0.520	0.001
0.315	0.635	0.046	0.004
0.034	0.883	0.082	0.001
0.717	0.031	0.047	0.205
0.043	0.001	0.955	0.001
0.374	0.262	0.360	0.004
>TGCGCATGCG	17-TGCGCATGCG	9.924654	-108.013931	0	T:162.0(18.54%),B:138.7(3.54%),P:1e-46	Tpos:507.5,Tstd:305.1,Bpos:513.4,Bstd:336.0,StrandBias:-0.3,Multiplicity:1.26
0.023	0.065	0.059	0.853
0.014	0.001	0.984	0.001
0.049	0.947	0.003	0.001
0.014	0.001	0.984	0.001
0.001	0.997	0.001	0.001
0.710	0.169	0.086	0.035
0.040	0.068	0.108	0.784
0.001	0.001	0.997	0.001
0.001	0.958	0.001	0.040
0.001	0.001	0.921	0.077
>CCCAGCCTGG	18-CCCAGCCTGG	5.689368	-94.097910	0	T:157.0(17.96%),B:152.3(3.89%),P:1e-40	Tpos:610.2,Tstd:530.2,Bpos:564.5,Bstd:415.1,StrandBias:0.0,Multiplicity:1.14
0.206	0.494	0.001	0.298
0.058	0.940	0.001	0.001
0.001	0.997	0.001	0.001
0.997	0.001	0.001	0.001
0.001	0.001	0.997	0.001
0.001	0.583	0.415	0.001
0.001	0.997	0.001	0.001
0.001	0.001	0.001	0.997
0.001	0.001	0.997	0.001
0.001	0.001	0.997	0.001
>GSTCACGTGA	19-GSTCACGTGA	7.807698	-65.992601	0	T:174.0(19.91%),B:260.2(6.65%),P:1e-28	Tpos:531.3,Tstd:328.0,Bpos:476.6,Bstd:425.5,StrandBias:0.1,Multiplicity:1.17
0.197	0.223	0.485	0.095
0.196	0.355	0.410	0.040
0.098	0.166	0.039	0.697
0.074	0.556	0.355	0.015
0.929	0.016	0.012	0.043
0.005	0.858	0.098	0.039
0.001	0.324	0.571	0.104
0.001	0.001	0.020	0.978
0.001	0.366	0.628	0.005
0.735	0.077	0.117	0.071
>GGATTACAGG	20-GGATTACAGG	10.599624	-61.490183	0	T:50.0(5.72%),B:11.3(0.29%),P:1e-26	Tpos:722.7,Tstd:527.0,Bpos:533.8,Bstd:352.1,StrandBias:0.1,Multiplicity:1.26
0.001	0.001	0.997	0.001
0.001	0.001	0.997	0.001
0.997	0.001	0.001	0.001
0.001	0.146	0.001	0.852
0.001	0.001	0.001	0.997
0.997	0.001	0.001	0.001
0.001	0.997	0.001	0.001
0.997	0.001	0.001	0.001
0.046	0.001	0.907	0.046
0.001	0.001	0.997	0.001
>CAGCCAATCA	21-CAGCCAATCA	8.718551	-53.354191	0	T:81.0(9.27%),B:68.9(1.76%),P:1e-23	Tpos:552.1,Tstd:378.7,Bpos:638.2,Bstd:485.2,StrandBias:0.1,Multiplicity:1.18
0.038	0.925	0.036	0.001
0.916	0.001	0.060	0.023
0.071	0.001	0.905	0.023
0.001	0.976	0.001	0.022
0.038	0.960	0.001	0.001
0.963	0.001	0.001	0.035
0.997	0.001	0.001	0.001
0.001	0.001	0.001	0.997
0.001	0.892	0.106	0.001
0.830	0.089	0.080	0.001
>ATTCATTCAT	22-ATTCATTCAT	7.405590	-47.208428	0	T:95.0(10.87%),B:110.1(2.81%),P:1e-20	Tpos:545.1,Tstd:467.3,Bpos:620.6,Bstd:431.9,StrandBias:-0.4,Multiplicity:1.10
0.698	0.142	0.070	0.090
0.068	0.105	0.069	0.758
0.045	0.068	0.068	0.819
0.045	0.908	0.001	0.046
0.785	0.101	0.060	0.054
0.068	0.023	0.068	0.841
0.024	0.023	0.105	0.848
0.001	0.811	0.046	0.142
0.734	0.174	0.023	0.069
0.093	0.023	0.075	0.809
>CTCGAACTCC	23-CTCGAACTCC	10.296193	-36.525769	0	T:29.0(3.32%),B:6.5(0.17%),P:1e-15	Tpos:700.4,Tstd:522.5,Bpos:668.9,Bstd:443.2,StrandBias:-0.5,Multiplicity:1.04
0.100	0.700	0.100	0.100
0.100	0.100	0.100	0.700
0.100	0.700	0.100	0.100
0.100	0.100	0.700	0.100
0.700	0.100	0.100	0.100
0.700	0.100	0.100	0.100
0.100	0.700	0.100	0.100
0.100	0.100	0.100	0.700
0.100	0.700	0.100	0.100
0.100	0.700	0.100	0.100
>GCCACTGCAC	24-GCCACTGCAC	8.727401	-35.683417	0	T:38.0(4.35%),B:18.6(0.48%),P:1e-15	Tpos:757.4,Tstd:551.7,Bpos:633.1,Bstd:202.2,StrandBias:0.3,Multiplicity:1.03
0.001	0.001	0.997	0.001
0.001	0.997	0.001	0.001
0.001	0.957	0.001	0.041
0.997	0.001	0.001	0.001
0.001	0.997	0.001	0.001
0.001	0.001	0.001	0.997
0.001	0.001	0.997	0.001
0.001	0.997	0.001	0.001
0.997	0.001	0.001	0.001
0.001	0.851	0.001	0.147
>CACACACACA	25-CACACACACA	8.897301	-29.898712	0	T:33.0(3.78%),B:17.4(0.44%),P:1e-12	Tpos:629.5,Tstd:562.2,Bpos:599.3,Bstd:331.9,StrandBias:-1.0,Multiplicity:1.19
0.087	0.911	0.001	0.001
0.997	0.001	0.001	0.001
0.009	0.989	0.001	0.001
0.997	0.001	0.001	0.001
0.001	0.984	0.001	0.014
0.952	0.001	0.001	0.046
0.001	0.984	0.001	0.014
0.952	0.001	0.001	0.046
0.020	0.978	0.001	0.001
0.997	0.001	0.001	0.001
