>VRGTCACGTGAB	23-VRGTCACGTGAB	8.914322	-54.861800	0	T:77.0(8.81%),B:58.3(1.49%),P:1e-23
0.304	0.217	0.327	0.152
0.243	0.185	0.386	0.186
0.135	0.110	0.637	0.118
0.042	0.016	0.001	0.941
0.084	0.823	0.034	0.059
0.933	0.033	0.001	0.033
0.143	0.722	0.118	0.017
0.102	0.135	0.665	0.098
0.050	0.001	0.022	0.927
0.098	0.110	0.716	0.076
0.507	0.183	0.175	0.135
0.144	0.340	0.304	0.212
