>MAGCCCCTTCYC	16-MAGCCCCTTCYC	8.533427	-99.404380	0	T:224.0(25.63%),B:302.6(7.73%),P:1e-43
0.504	0.432	0.021	0.043
0.650	0.034	0.315	0.001
0.327	0.001	0.525	0.147
0.084	0.725	0.042	0.149
0.022	0.747	0.189	0.042
0.063	0.765	0.043	0.129
0.107	0.658	0.001	0.234
0.084	0.021	0.127	0.768
0.055	0.042	0.042	0.861
0.001	0.957	0.001	0.041
0.086	0.408	0.001	0.505
0.001	0.896	0.041	0.062
