>GGGAGGCTGAGG	10-CCTCAGCCTCCC	7.464392	-168.261489	0	T:620.0(70.94%),B:1460.4(37.33%),P:1e-73
0.074	0.077	0.806	0.043
0.069	0.072	0.767	0.092
0.073	0.106	0.772	0.049
0.684	0.140	0.065	0.111
0.045	0.092	0.771	0.092
0.070	0.083	0.781	0.066
0.052	0.809	0.090	0.049
0.070	0.128	0.144	0.658
0.062	0.110	0.763	0.065
0.627	0.151	0.112	0.110
0.079	0.062	0.800	0.059
0.065	0.120	0.765	0.050
