>GAGSCTGGVVNN	14-GAGSCTGGVVNN	7.873385	-133.926933	0	T:426.0(48.74%),B:818.4(20.92%),P:1e-58
0.016	0.395	0.582	0.007
0.723	0.080	0.132	0.065
0.041	0.044	0.888	0.027
0.012	0.474	0.495	0.019
0.027	0.899	0.047	0.027
0.075	0.097	0.117	0.711
0.024	0.018	0.927	0.031
0.018	0.075	0.872	0.035
0.286	0.329	0.376	0.009
0.198	0.287	0.334	0.180
0.197	0.281	0.326	0.196
0.197	0.309	0.290	0.204
