>TTTTAAAATTTW	8-WAAATTTTAAAA	4.678659	-188.700780	0	T:375.0(42.91%),B:497.3(12.71%),P:1e-81
0.262	0.041	0.087	0.610
0.075	0.052	0.047	0.826
0.122	0.041	0.041	0.796
0.332	0.041	0.064	0.563
0.831	0.064	0.023	0.082
0.815	0.046	0.075	0.064
0.796	0.064	0.041	0.099
0.547	0.052	0.093	0.308
0.274	0.058	0.058	0.610
0.110	0.081	0.093	0.716
0.286	0.081	0.070	0.563
0.471	0.081	0.052	0.395
