>CAGAGCCCAGGA	18-CAGAGCCCAGGA	6.782872	-85.003707	0	T:597.0(68.31%),B:1743.0(44.55%),P:1e-36
0.077	0.793	0.084	0.046
0.699	0.070	0.140	0.091
0.088	0.123	0.750	0.039
0.712	0.070	0.130	0.088
0.070	0.077	0.783	0.070
0.060	0.744	0.105	0.091
0.056	0.748	0.126	0.070
0.074	0.782	0.088	0.056
0.681	0.105	0.119	0.095
0.074	0.056	0.821	0.049
0.105	0.095	0.761	0.039
0.726	0.109	0.102	0.063
