>RGGAGGAGGAGG	4-RGGAGGAGGAGG	8.543318	-259.924180	0	T:472.0(54.00%),B:621.0(15.87%),P:1e-112
0.441	0.068	0.472	0.018
0.093	0.024	0.859	0.024
0.194	0.030	0.775	0.001
0.766	0.018	0.204	0.012
0.102	0.012	0.885	0.001
0.074	0.024	0.901	0.001
0.808	0.048	0.132	0.012
0.114	0.001	0.884	0.001
0.012	0.045	0.942	0.001
0.630	0.036	0.244	0.090
0.227	0.018	0.725	0.030
0.045	0.134	0.820	0.001
