>WAAATTTTAAAA	8-WAAATTTTAAAA,BestGuess:Unknown6/Drosophila-Promoters/Homer(0.884)	4.678659	-188.700780	0	T:375.0(42.91%),B:497.3(12.71%),P:1e-81
0.395	0.052	0.081	0.471
0.563	0.070	0.081	0.286
0.716	0.093	0.081	0.110
0.610	0.058	0.058	0.274
0.308	0.093	0.052	0.547
0.099	0.041	0.064	0.796
0.064	0.075	0.046	0.815
0.082	0.023	0.064	0.831
0.563	0.064	0.041	0.332
0.796	0.041	0.041	0.122
0.826	0.047	0.052	0.075
0.610	0.087	0.041	0.262
