>GAGGVAGAGRAR	2-GAGGVAGAGRAR	6.781636	-298.877224	0	T:729.0(83.41%),B:1540.8(39.38%),P:1e-129
0.314	0.124	0.538	0.024
0.544	0.016	0.390	0.050
0.156	0.001	0.842	0.001
0.360	0.062	0.511	0.067
0.377	0.299	0.306	0.018
0.722	0.008	0.033	0.237
0.262	0.035	0.702	0.001
0.684	0.002	0.292	0.022
0.237	0.001	0.733	0.029
0.486	0.021	0.491	0.002
0.487	0.151	0.324	0.038
0.438	0.122	0.314	0.127
