>AAAAAAAAAAAA	3-TTTTTTTTTTTT	5.465899	-290.265445	0	T:347.0(39.70%),B:246.9(6.31%),P:1e-126
0.702	0.093	0.070	0.135
0.729	0.098	0.053	0.120
0.759	0.105	0.043	0.093
0.777	0.095	0.043	0.085
0.792	0.088	0.040	0.080
0.792	0.078	0.030	0.100
0.736	0.113	0.023	0.128
0.787	0.095	0.040	0.078
0.769	0.118	0.023	0.090
0.779	0.078	0.055	0.088
0.757	0.115	0.025	0.103
0.660	0.140	0.075	0.125
