>TTTTTTTTTT	1-TTTTTTTTTT	6.313974	-264.288803	0	T:300.0(47.02%),B:202.8(7.28%),P:1e-114	Tpos:561.2,Tstd:486.7,Bpos:487.5,Bstd:491.8,StrandBias:-0.2,Multiplicity:1.79
0.077	0.060	0.041	0.822
0.088	0.019	0.054	0.839
0.081	0.044	0.093	0.782
0.058	0.049	0.090	0.803
0.073	0.068	0.082	0.777
0.097	0.060	0.065	0.778
0.123	0.049	0.061	0.767
0.073	0.074	0.050	0.803
0.056	0.063	0.057	0.824
0.098	0.053	0.044	0.805
>GGGAGGAARR	2-GGGAGGAARR	7.106220	-262.216496	0	T:484.0(75.86%),B:758.3(27.22%),P:1e-113	Tpos:595.1,Tstd:435.0,Bpos:470.8,Bstd:525.1,StrandBias:-0.2,Multiplicity:2.10
0.241	0.001	0.757	0.001
0.258	0.001	0.740	0.001
0.385	0.001	0.613	0.001
0.997	0.001	0.001	0.001
0.386	0.001	0.612	0.001
0.408	0.001	0.590	0.001
0.613	0.001	0.385	0.001
0.941	0.001	0.057	0.001
0.569	0.001	0.429	0.001
0.480	0.001	0.518	0.001
>GCCCCGCCCC	3-GCCCCGCCCC	9.900576	-232.398240	0	T:370.0(57.99%),B:429.3(15.41%),P:1e-100	Tpos:583.5,Tstd:351.4,Bpos:542.4,Bstd:449.5,StrandBias:-0.1,Multiplicity:2.14
0.034	0.052	0.864	0.050
0.001	0.952	0.001	0.046
0.001	0.948	0.001	0.050
0.019	0.979	0.001	0.001
0.023	0.975	0.001	0.001
0.034	0.001	0.918	0.047
0.001	0.997	0.001	0.001
0.001	0.944	0.030	0.025
0.001	0.954	0.001	0.044
0.115	0.837	0.001	0.047
>CCTCCTCCTC	4-CCTCCTCCTC	7.004753	-201.096390	0	T:411.0(64.42%),B:632.0(22.69%),P:1e-87	Tpos:621.7,Tstd:444.3,Bpos:551.1,Bstd:466.8,StrandBias:-0.1,Multiplicity:2.13
0.001	0.957	0.020	0.022
0.005	0.900	0.022	0.073
0.034	0.030	0.062	0.874
0.001	0.959	0.012	0.028
0.005	0.965	0.001	0.029
0.019	0.046	0.051	0.884
0.001	0.975	0.007	0.017
0.001	0.948	0.001	0.050
0.019	0.066	0.019	0.896
0.001	0.958	0.022	0.019
>CYCCAGCCTC	5-CYCCAGCCTC	7.068703	-193.786020	0	T:531.0(83.23%),B:1165.5(41.84%),P:1e-84	Tpos:600.5,Tstd:447.8,Bpos:556.5,Bstd:459.6,StrandBias:-0.1,Multiplicity:2.19
0.001	0.838	0.002	0.159
0.001	0.448	0.001	0.550
0.001	0.695	0.088	0.216
0.001	0.997	0.001	0.001
0.878	0.069	0.001	0.052
0.001	0.081	0.917	0.001
0.001	0.997	0.001	0.001
0.001	0.897	0.001	0.101
0.035	0.243	0.001	0.721
0.001	0.834	0.164	0.001
>TTMTTTTYNT	6-TTMTTTTYNT	4.663395	-175.945239	0	T:515.0(80.72%),B:1142.2(41.01%),P:1e-76	Tpos:577.2,Tstd:453.4,Bpos:513.0,Bstd:471.0,StrandBias:0.1,Multiplicity:1.80
0.001	0.001	0.049	0.949
0.094	0.281	0.150	0.475
0.444	0.363	0.192	0.001
0.085	0.210	0.183	0.522
0.202	0.240	0.001	0.557
0.203	0.295	0.043	0.458
0.216	0.260	0.042	0.483
0.189	0.309	0.048	0.454
0.228	0.285	0.195	0.292
0.031	0.175	0.228	0.566
>HTTTTTAAAA	7-HTTTTTAAAA	4.976853	-168.017056	0	T:370.0(57.99%),B:574.7(20.63%),P:1e-72	Tpos:657.1,Tstd:536.9,Bpos:537.0,Bstd:410.2,StrandBias:-0.0,Multiplicity:1.62
0.302	0.304	0.100	0.293
0.175	0.117	0.093	0.615
0.046	0.186	0.058	0.710
0.001	0.197	0.001	0.801
0.001	0.034	0.001	0.964
0.070	0.047	0.152	0.731
0.533	0.047	0.163	0.257
0.923	0.023	0.053	0.001
0.987	0.011	0.001	0.001
0.848	0.046	0.059	0.047
>SAGGAAGYDG	8-SAGGAAGYDG	7.307595	-162.180514	0	T:436.0(68.34%),B:834.4(29.96%),P:1e-70	Tpos:559.2,Tstd:405.9,Bpos:578.6,Bstd:465.6,StrandBias:0.1,Multiplicity:1.56
0.197	0.457	0.345	0.001
0.453	0.273	0.230	0.043
0.001	0.001	0.898	0.100
0.137	0.001	0.861	0.001
0.975	0.023	0.001	0.001
0.777	0.001	0.221	0.001
0.259	0.014	0.726	0.001
0.001	0.569	0.001	0.429
0.203	0.168	0.343	0.286
0.273	0.216	0.439	0.072
>VTTTTCYCTB	9-VTTTTCYCTB	5.765119	-140.809914	0	T:462.0(72.41%),B:1015.7(36.46%),P:1e-61	Tpos:606.2,Tstd:474.9,Bpos:548.9,Bstd:498.7,StrandBias:0.2,Multiplicity:1.59
0.347	0.263	0.236	0.155
0.100	0.151	0.175	0.574
0.032	0.140	0.039	0.789
0.033	0.130	0.023	0.814
0.027	0.201	0.095	0.677
0.036	0.835	0.078	0.051
0.152	0.330	0.055	0.463
0.038	0.703	0.154	0.105
0.217	0.230	0.026	0.527
0.061	0.271	0.338	0.330
>CAGCTCCTCC	10-CAGCTCCTCC	7.712078	-115.325535	0	T:382.0(59.87%),B:778.1(27.94%),P:1e-50	Tpos:635.3,Tstd:424.2,Bpos:581.5,Bstd:467.8,StrandBias:-0.2,Multiplicity:1.52
0.020	0.888	0.033	0.059
0.719	0.076	0.077	0.128
0.033	0.008	0.931	0.028
0.008	0.838	0.073	0.081
0.048	0.109	0.150	0.693
0.120	0.686	0.159	0.035
0.001	0.927	0.001	0.071
0.001	0.045	0.210	0.744
0.012	0.758	0.206	0.024
0.054	0.823	0.103	0.020
>CCCAGACTCC	11-CCCAGACTCC	6.967273	-109.592065	0	T:467.0(73.20%),B:1158.8(41.60%),P:1e-47	Tpos:628.8,Tstd:460.1,Bpos:548.9,Bstd:464.6,StrandBias:0.3,Multiplicity:1.65
0.050	0.787	0.070	0.093
0.065	0.824	0.038	0.073
0.084	0.836	0.061	0.019
0.756	0.060	0.079	0.105
0.108	0.068	0.806	0.018
0.662	0.082	0.161	0.095
0.056	0.806	0.056	0.082
0.027	0.118	0.034	0.821
0.038	0.885	0.037	0.040
0.053	0.819	0.063	0.065
>CTGGGAGAGG	12-CTGGGAGAGG	7.599813	-107.294670	0	T:386.0(60.50%),B:823.6(29.57%),P:1e-46	Tpos:615.7,Tstd:466.5,Bpos:574.0,Bstd:491.0,StrandBias:-0.0,Multiplicity:1.50
0.001	0.971	0.001	0.027
0.143	0.164	0.033	0.660
0.001	0.001	0.871	0.127
0.079	0.001	0.919	0.001
0.001	0.011	0.987	0.001
0.766	0.054	0.131	0.049
0.282	0.261	0.444	0.012
0.720	0.076	0.077	0.127
0.123	0.001	0.778	0.098
0.009	0.101	0.889	0.001
>GCKGCNGCYG	13-GCKGCNGCYG	7.461341	-101.051574	0	T:336.0(52.66%),B:659.9(23.69%),P:1e-43	Tpos:585.4,Tstd:403.1,Bpos:535.2,Bstd:457.8,StrandBias:-0.1,Multiplicity:1.79
0.103	0.071	0.745	0.081
0.148	0.698	0.068	0.086
0.208	0.170	0.247	0.376
0.096	0.111	0.756	0.037
0.054	0.808	0.042	0.096
0.257	0.190	0.264	0.289
0.067	0.054	0.720	0.159
0.039	0.839	0.061	0.061
0.076	0.360	0.208	0.357
0.221	0.036	0.691	0.052
>CCTGDVCTYC	14-CCTGDVCTYC	5.969127	-100.984943	0	T:430.0(67.40%),B:1029.1(36.95%),P:1e-43	Tpos:611.5,Tstd:480.3,Bpos:554.6,Bstd:452.8,StrandBias:0.1,Multiplicity:1.73
0.009	0.631	0.024	0.336
0.004	0.718	0.012	0.266
0.262	0.026	0.049	0.663
0.011	0.292	0.519	0.178
0.310	0.017	0.365	0.308
0.247	0.264	0.378	0.110
0.314	0.524	0.008	0.154
0.133	0.330	0.038	0.499
0.061	0.435	0.130	0.373
0.029	0.563	0.163	0.245
>TGCGCATGCG	15-TGCGCATGCG	10.112644	-94.951074	0	T:132.0(20.69%),B:100.5(3.61%),P:1e-41	Tpos:560.3,Tstd:301.9,Bpos:612.4,Bstd:417.6,StrandBias:-0.1,Multiplicity:1.22
0.037	0.097	0.084	0.782
0.010	0.001	0.988	0.001
0.001	0.997	0.001	0.001
0.001	0.001	0.997	0.001
0.001	0.997	0.001	0.001
0.763	0.097	0.097	0.043
0.016	0.058	0.121	0.805
0.001	0.001	0.997	0.001
0.001	0.993	0.001	0.005
0.006	0.001	0.896	0.097
>CAGGGCTGGG	16-CAGGGCTGGG	8.020271	-94.214237	0	T:339.0(53.13%),B:695.1(24.95%),P:1e-40	Tpos:576.5,Tstd:429.1,Bpos:549.4,Bstd:479.3,StrandBias:-0.0,Multiplicity:1.55
0.124	0.650	0.225	0.001
0.659	0.076	0.093	0.172
0.028	0.001	0.970	0.001
0.042	0.163	0.723	0.072
0.028	0.194	0.777	0.001
0.001	0.912	0.001	0.086
0.129	0.091	0.041	0.739
0.007	0.018	0.895	0.080
0.119	0.071	0.767	0.043
0.175	0.001	0.823	0.001
>AARATGGCGG	17-AARATGGCGG	9.286267	-89.711148	0	T:82.0(12.85%),B:26.9(0.96%),P:1e-38	Tpos:581.4,Tstd:347.4,Bpos:737.1,Bstd:551.6,StrandBias:0.3,Multiplicity:1.06
0.974	0.001	0.024	0.001
0.980	0.018	0.001	0.001
0.457	0.129	0.412	0.001
0.997	0.001	0.001	0.001
0.001	0.001	0.001	0.997
0.001	0.001	0.970	0.028
0.001	0.001	0.997	0.001
0.001	0.997	0.001	0.001
0.001	0.001	0.907	0.091
0.001	0.058	0.940	0.001
>CAGAAACACA	18-CAGAAACACA	6.724548	-83.580229	0	T:360.0(56.43%),B:817.3(29.34%),P:1e-36	Tpos:569.7,Tstd:462.1,Bpos:567.5,Bstd:434.4,StrandBias:0.0,Multiplicity:1.53
0.001	0.997	0.001	0.001
0.754	0.001	0.038	0.207
0.001	0.023	0.975	0.001
0.748	0.139	0.112	0.001
0.629	0.096	0.274	0.001
0.746	0.011	0.242	0.001
0.187	0.586	0.226	0.001
0.635	0.276	0.001	0.088
0.130	0.510	0.359	0.001
0.442	0.236	0.130	0.192
>CCBGGCTCTG	19-CCBGGCTCTG	8.675127	-72.683440	0	T:258.0(40.44%),B:495.1(17.78%),P:1e-31	Tpos:616.6,Tstd:439.4,Bpos:576.3,Bstd:472.1,StrandBias:-0.1,Multiplicity:1.36
0.001	0.940	0.002	0.057
0.001	0.931	0.001	0.067
0.113	0.279	0.349	0.258
0.011	0.001	0.970	0.018
0.001	0.097	0.875	0.027
0.001	0.997	0.001	0.001
0.001	0.152	0.102	0.745
0.001	0.944	0.001	0.054
0.001	0.148	0.092	0.759
0.001	0.163	0.835	0.001
>CACCACCACC	20-CACCACCACC	8.928963	-59.206089	0	T:146.0(22.88%),B:205.5(7.38%),P:1e-25	Tpos:581.0,Tstd:404.8,Bpos:603.9,Bstd:411.2,StrandBias:0.0,Multiplicity:1.19
0.029	0.864	0.037	0.070
0.643	0.040	0.241	0.076
0.032	0.861	0.068	0.039
0.049	0.823	0.056	0.072
0.736	0.076	0.141	0.047
0.061	0.781	0.104	0.054
0.031	0.917	0.041	0.011
0.726	0.084	0.135	0.055
0.057	0.858	0.051	0.034
0.073	0.799	0.057	0.071
>ACACACACAC	21-ACACACACAC	9.374346	-54.452552	0	T:57.0(8.93%),B:25.5(0.92%),P:1e-23	Tpos:726.1,Tstd:512.7,Bpos:532.4,Bstd:415.6,StrandBias:0.9,Multiplicity:1.57
0.961	0.018	0.012	0.009
0.013	0.978	0.001	0.008
0.997	0.001	0.001	0.001
0.021	0.937	0.033	0.009
0.988	0.001	0.010	0.001
0.017	0.935	0.036	0.012
0.982	0.001	0.001	0.016
0.006	0.981	0.009	0.004
0.946	0.013	0.024	0.017
0.025	0.933	0.036	0.006
>TGACGTCATH	22-TGACGTCATH	9.426642	-42.788288	0	T:45.0(7.05%),B:20.7(0.74%),P:1e-18	Tpos:443.4,Tstd:274.8,Bpos:513.6,Bstd:322.7,StrandBias:0.0,Multiplicity:1.07
0.067	0.001	0.001	0.931
0.043	0.001	0.858	0.098
0.685	0.001	0.043	0.271
0.001	0.951	0.043	0.005
0.001	0.001	0.926	0.072
0.067	0.001	0.001	0.931
0.043	0.955	0.001	0.001
0.837	0.043	0.001	0.119
0.068	0.281	0.207	0.444
0.212	0.297	0.132	0.359
>TGCAGTGAGC	23-TGCAGTGAGC	8.735615	-39.319276	0	T:25.0(3.92%),B:1.5(0.05%),P:1e-17	Tpos:619.9,Tstd:572.8,Bpos:754.3,Bstd:38.5,StrandBias:0.4,Multiplicity:1.05
0.155	0.102	0.117	0.626
0.089	0.149	0.605	0.157
0.156	0.621	0.133	0.090
0.635	0.104	0.098	0.163
0.122	0.145	0.617	0.116
0.233	0.076	0.146	0.545
0.123	0.171	0.582	0.124
0.661	0.075	0.115	0.149
0.138	0.151	0.586	0.125
0.172	0.524	0.136	0.168
>GCCAATCAGT	24-GCCAATCAGT	11.323182	-28.507243	0	T:21.0(3.29%),B:3.1(0.11%),P:1e-12	Tpos:442.5,Tstd:245.9,Bpos:812.0,Bstd:257.7,StrandBias:-0.2,Multiplicity:1.00
0.001	0.001	0.997	0.001
0.001	0.997	0.001	0.001
0.383	0.615	0.001	0.001
0.997	0.001	0.001	0.001
0.615	0.001	0.001	0.383
0.001	0.001	0.001	0.997
0.001	0.997	0.001	0.001
0.997	0.001	0.001	0.001
0.001	0.001	0.997	0.001
0.213	0.001	0.001	0.785
>TCACGTGACC	25-TCACGTGACC	8.623642	-24.978955	0	T:63.0(9.87%),B:88.2(3.17%),P:1e-10	Tpos:476.1,Tstd:325.2,Bpos:515.7,Bstd:436.1,StrandBias:0.0,Multiplicity:1.41
0.074	0.098	0.052	0.776
0.001	0.975	0.001	0.023
0.997	0.001	0.001	0.001
0.010	0.974	0.015	0.001
0.001	0.001	0.984	0.014
0.001	0.001	0.014	0.984
0.001	0.010	0.988	0.001
0.967	0.031	0.001	0.001
0.001	0.879	0.025	0.095
0.074	0.624	0.207	0.095
