>TTTTTTTTTT	1-TTTTTTTTTT	6.313974	-264.288803	0	T:300.0(47.02%),B:202.8(7.28%),P:1e-114	Tpos:561.2,Tstd:486.7,Bpos:487.5,Bstd:491.8,StrandBias:-0.2,Multiplicity:1.79
0.077	0.060	0.041	0.822
0.088	0.019	0.054	0.839
0.081	0.044	0.093	0.782
0.058	0.049	0.090	0.803
0.073	0.068	0.082	0.777
0.097	0.060	0.065	0.778
0.123	0.049	0.061	0.767
0.073	0.074	0.050	0.803
0.056	0.063	0.057	0.824
0.098	0.053	0.044	0.805
>GGGAGGAARR	2-GGGAGGAARR	7.106220	-262.216496	0	T:484.0(75.86%),B:758.3(27.22%),P:1e-113	Tpos:595.1,Tstd:435.0,Bpos:470.8,Bstd:525.1,StrandBias:-0.2,Multiplicity:2.10
0.241	0.001	0.757	0.001
0.258	0.001	0.740	0.001
0.385	0.001	0.613	0.001
0.997	0.001	0.001	0.001
0.386	0.001	0.612	0.001
0.408	0.001	0.590	0.001
0.613	0.001	0.385	0.001
0.941	0.001	0.057	0.001
0.569	0.001	0.429	0.001
0.480	0.001	0.518	0.001
>GCCCCGCCCC	3-GCCCCGCCCC	9.900576	-232.398240	0	T:370.0(57.99%),B:429.3(15.41%),P:1e-100	Tpos:583.5,Tstd:351.4,Bpos:542.4,Bstd:449.5,StrandBias:-0.1,Multiplicity:2.14
0.034	0.052	0.864	0.050
0.001	0.952	0.001	0.046
0.001	0.948	0.001	0.050
0.019	0.979	0.001	0.001
0.023	0.975	0.001	0.001
0.034	0.001	0.918	0.047
0.001	0.997	0.001	0.001
0.001	0.944	0.030	0.025
0.001	0.954	0.001	0.044
0.115	0.837	0.001	0.047
>CCTCCTCCTC	4-CCTCCTCCTC	7.004753	-201.096390	0	T:411.0(64.42%),B:632.0(22.69%),P:1e-87	Tpos:621.7,Tstd:444.3,Bpos:551.1,Bstd:466.8,StrandBias:-0.1,Multiplicity:2.13
0.001	0.957	0.020	0.022
0.005	0.900	0.022	0.073
0.034	0.030	0.062	0.874
0.001	0.959	0.012	0.028
0.005	0.965	0.001	0.029
0.019	0.046	0.051	0.884
0.001	0.975	0.007	0.017
0.001	0.948	0.001	0.050
0.019	0.066	0.019	0.896
0.001	0.958	0.022	0.019
>CYCCAGCCTC	5-CYCCAGCCTC	7.068703	-193.786020	0	T:531.0(83.23%),B:1165.5(41.84%),P:1e-84	Tpos:600.5,Tstd:447.8,Bpos:556.5,Bstd:459.6,StrandBias:-0.1,Multiplicity:2.19
0.001	0.838	0.002	0.159
0.001	0.448	0.001	0.550
0.001	0.695	0.088	0.216
0.001	0.997	0.001	0.001
0.878	0.069	0.001	0.052
0.001	0.081	0.917	0.001
0.001	0.997	0.001	0.001
0.001	0.897	0.001	0.101
0.035	0.243	0.001	0.721
0.001	0.834	0.164	0.001
>TTMTTTTYNT	6-TTMTTTTYNT	4.663395	-175.945239	0	T:515.0(80.72%),B:1142.2(41.01%),P:1e-76	Tpos:577.2,Tstd:453.4,Bpos:513.0,Bstd:471.0,StrandBias:0.1,Multiplicity:1.80
0.001	0.001	0.049	0.949
0.094	0.281	0.150	0.475
0.444	0.363	0.192	0.001
0.085	0.210	0.183	0.522
0.202	0.240	0.001	0.557
0.203	0.295	0.043	0.458
0.216	0.260	0.042	0.483
0.189	0.309	0.048	0.454
0.228	0.285	0.195	0.292
0.031	0.175	0.228	0.566
>HTTTTTAAAA	7-HTTTTTAAAA	4.976853	-168.017056	0	T:370.0(57.99%),B:574.7(20.63%),P:1e-72	Tpos:657.1,Tstd:536.9,Bpos:537.0,Bstd:410.2,StrandBias:-0.0,Multiplicity:1.62
0.302	0.304	0.100	0.293
0.175	0.117	0.093	0.615
0.046	0.186	0.058	0.710
0.001	0.197	0.001	0.801
0.001	0.034	0.001	0.964
0.070	0.047	0.152	0.731
0.533	0.047	0.163	0.257
0.923	0.023	0.053	0.001
0.987	0.011	0.001	0.001
0.848	0.046	0.059	0.047
>SAGGAAGYDG	8-SAGGAAGYDG	7.307595	-162.180514	0	T:436.0(68.34%),B:834.4(29.96%),P:1e-70	Tpos:559.2,Tstd:405.9,Bpos:578.6,Bstd:465.6,StrandBias:0.1,Multiplicity:1.56
0.197	0.457	0.345	0.001
0.453	0.273	0.230	0.043
0.001	0.001	0.898	0.100
0.137	0.001	0.861	0.001
0.975	0.023	0.001	0.001
0.777	0.001	0.221	0.001
0.259	0.014	0.726	0.001
0.001	0.569	0.001	0.429
0.203	0.168	0.343	0.286
0.273	0.216	0.439	0.072
>VTTTTCYCTB	9-VTTTTCYCTB	5.765119	-140.809914	0	T:462.0(72.41%),B:1015.7(36.46%),P:1e-61	Tpos:606.2,Tstd:474.9,Bpos:548.9,Bstd:498.7,StrandBias:0.2,Multiplicity:1.59
0.347	0.263	0.236	0.155
0.100	0.151	0.175	0.574
0.032	0.140	0.039	0.789
0.033	0.130	0.023	0.814
0.027	0.201	0.095	0.677
0.036	0.835	0.078	0.051
0.152	0.330	0.055	0.463
0.038	0.703	0.154	0.105
0.217	0.230	0.026	0.527
0.061	0.271	0.338	0.330
>CAGCTCCTCC	10-CAGCTCCTCC	7.712078	-115.325535	0	T:382.0(59.87%),B:778.1(27.94%),P:1e-50	Tpos:635.3,Tstd:424.2,Bpos:581.5,Bstd:467.8,StrandBias:-0.2,Multiplicity:1.52
0.020	0.888	0.033	0.059
0.719	0.076	0.077	0.128
0.033	0.008	0.931	0.028
0.008	0.838	0.073	0.081
0.048	0.109	0.150	0.693
0.120	0.686	0.159	0.035
0.001	0.927	0.001	0.071
0.001	0.045	0.210	0.744
0.012	0.758	0.206	0.024
0.054	0.823	0.103	0.020
>CCCAGACTCC	11-CCCAGACTCC	6.967273	-109.592065	0	T:467.0(73.20%),B:1158.8(41.60%),P:1e-47	Tpos:628.8,Tstd:460.1,Bpos:548.9,Bstd:464.6,StrandBias:0.3,Multiplicity:1.65
0.050	0.787	0.070	0.093
0.065	0.824	0.038	0.073
0.084	0.836	0.061	0.019
0.756	0.060	0.079	0.105
0.108	0.068	0.806	0.018
0.662	0.082	0.161	0.095
0.056	0.806	0.056	0.082
0.027	0.118	0.034	0.821
0.038	0.885	0.037	0.040
0.053	0.819	0.063	0.065
>CTGGGAGAGG	12-CTGGGAGAGG	7.599813	-107.294670	0	T:386.0(60.50%),B:823.6(29.57%),P:1e-46	Tpos:615.7,Tstd:466.5,Bpos:574.0,Bstd:491.0,StrandBias:-0.0,Multiplicity:1.50
0.001	0.971	0.001	0.027
0.143	0.164	0.033	0.660
0.001	0.001	0.871	0.127
0.079	0.001	0.919	0.001
0.001	0.011	0.987	0.001
0.766	0.054	0.131	0.049
0.282	0.261	0.444	0.012
0.720	0.076	0.077	0.127
0.123	0.001	0.778	0.098
0.009	0.101	0.889	0.001
>GCKGCNGCYG	13-GCKGCNGCYG	7.461341	-101.051574	0	T:336.0(52.66%),B:659.9(23.69%),P:1e-43	Tpos:585.4,Tstd:403.1,Bpos:535.2,Bstd:457.8,StrandBias:-0.1,Multiplicity:1.79
0.103	0.071	0.745	0.081
0.148	0.698	0.068	0.086
0.208	0.170	0.247	0.376
0.096	0.111	0.756	0.037
0.054	0.808	0.042	0.096
0.257	0.190	0.264	0.289
0.067	0.054	0.720	0.159
0.039	0.839	0.061	0.061
0.076	0.360	0.208	0.357
0.221	0.036	0.691	0.052
>CCTGDVCTYC	14-CCTGDVCTYC	5.969127	-100.984943	0	T:430.0(67.40%),B:1029.1(36.95%),P:1e-43	Tpos:611.5,Tstd:480.3,Bpos:554.6,Bstd:452.8,StrandBias:0.1,Multiplicity:1.73
0.009	0.631	0.024	0.336
0.004	0.718	0.012	0.266
0.262	0.026	0.049	0.663
0.011	0.292	0.519	0.178
0.310	0.017	0.365	0.308
0.247	0.264	0.378	0.110
0.314	0.524	0.008	0.154
0.133	0.330	0.038	0.499
0.061	0.435	0.130	0.373
0.029	0.563	0.163	0.245
>TGCGCATGCG	15-TGCGCATGCG	10.112644	-94.951074	0	T:132.0(20.69%),B:100.5(3.61%),P:1e-41	Tpos:560.3,Tstd:301.9,Bpos:612.4,Bstd:417.6,StrandBias:-0.1,Multiplicity:1.22
0.037	0.097	0.084	0.782
0.010	0.001	0.988	0.001
0.001	0.997	0.001	0.001
0.001	0.001	0.997	0.001
0.001	0.997	0.001	0.001
0.763	0.097	0.097	0.043
0.016	0.058	0.121	0.805
0.001	0.001	0.997	0.001
0.001	0.993	0.001	0.005
0.006	0.001	0.896	0.097
>CAGGGCTGGG	16-CAGGGCTGGG	8.020271	-94.214237	0	T:339.0(53.13%),B:695.1(24.95%),P:1e-40	Tpos:576.5,Tstd:429.1,Bpos:549.4,Bstd:479.3,StrandBias:-0.0,Multiplicity:1.55
0.124	0.650	0.225	0.001
0.659	0.076	0.093	0.172
0.028	0.001	0.970	0.001
0.042	0.163	0.723	0.072
0.028	0.194	0.777	0.001
0.001	0.912	0.001	0.086
0.129	0.091	0.041	0.739
0.007	0.018	0.895	0.080
0.119	0.071	0.767	0.043
0.175	0.001	0.823	0.001
>AARATGGCGG	17-AARATGGCGG	9.286267	-89.711148	0	T:82.0(12.85%),B:26.9(0.96%),P:1e-38	Tpos:581.4,Tstd:347.4,Bpos:737.1,Bstd:551.6,StrandBias:0.3,Multiplicity:1.06
0.974	0.001	0.024	0.001
0.980	0.018	0.001	0.001
0.457	0.129	0.412	0.001
0.997	0.001	0.001	0.001
0.001	0.001	0.001	0.997
0.001	0.001	0.970	0.028
0.001	0.001	0.997	0.001
0.001	0.997	0.001	0.001
0.001	0.001	0.907	0.091
0.001	0.058	0.940	0.001
>CAGAAACACA	18-CAGAAACACA	6.724548	-83.580229	0	T:360.0(56.43%),B:817.3(29.34%),P:1e-36	Tpos:569.7,Tstd:462.1,Bpos:567.5,Bstd:434.4,StrandBias:0.0,Multiplicity:1.53
0.001	0.997	0.001	0.001
0.754	0.001	0.038	0.207
0.001	0.023	0.975	0.001
0.748	0.139	0.112	0.001
0.629	0.096	0.274	0.001
0.746	0.011	0.242	0.001
0.187	0.586	0.226	0.001
0.635	0.276	0.001	0.088
0.130	0.510	0.359	0.001
0.442	0.236	0.130	0.192
>CCBGGCTCTG	19-CCBGGCTCTG	8.675127	-72.683440	0	T:258.0(40.44%),B:495.1(17.78%),P:1e-31	Tpos:616.6,Tstd:439.4,Bpos:576.3,Bstd:472.1,StrandBias:-0.1,Multiplicity:1.36
0.001	0.940	0.002	0.057
0.001	0.931	0.001	0.067
0.113	0.279	0.349	0.258
0.011	0.001	0.970	0.018
0.001	0.097	0.875	0.027
0.001	0.997	0.001	0.001
0.001	0.152	0.102	0.745
0.001	0.944	0.001	0.054
0.001	0.148	0.092	0.759
0.001	0.163	0.835	0.001
>CACCACCACC	20-CACCACCACC	8.928963	-59.206089	0	T:146.0(22.88%),B:205.5(7.38%),P:1e-25	Tpos:581.0,Tstd:404.8,Bpos:603.9,Bstd:411.2,StrandBias:0.0,Multiplicity:1.19
0.029	0.864	0.037	0.070
0.643	0.040	0.241	0.076
0.032	0.861	0.068	0.039
0.049	0.823	0.056	0.072
0.736	0.076	0.141	0.047
0.061	0.781	0.104	0.054
0.031	0.917	0.041	0.011
0.726	0.084	0.135	0.055
0.057	0.858	0.051	0.034
0.073	0.799	0.057	0.071
>ACACACACAC	21-ACACACACAC	9.374346	-54.452552	0	T:57.0(8.93%),B:25.5(0.92%),P:1e-23	Tpos:726.1,Tstd:512.7,Bpos:532.4,Bstd:415.6,StrandBias:0.9,Multiplicity:1.57
0.961	0.018	0.012	0.009
0.013	0.978	0.001	0.008
0.997	0.001	0.001	0.001
0.021	0.937	0.033	0.009
0.988	0.001	0.010	0.001
0.017	0.935	0.036	0.012
0.982	0.001	0.001	0.016
0.006	0.981	0.009	0.004
0.946	0.013	0.024	0.017
0.025	0.933	0.036	0.006
>TGACGTCATH	22-TGACGTCATH	9.426642	-42.788288	0	T:45.0(7.05%),B:20.7(0.74%),P:1e-18	Tpos:443.4,Tstd:274.8,Bpos:513.6,Bstd:322.7,StrandBias:0.0,Multiplicity:1.07
0.067	0.001	0.001	0.931
0.043	0.001	0.858	0.098
0.685	0.001	0.043	0.271
0.001	0.951	0.043	0.005
0.001	0.001	0.926	0.072
0.067	0.001	0.001	0.931
0.043	0.955	0.001	0.001
0.837	0.043	0.001	0.119
0.068	0.281	0.207	0.444
0.212	0.297	0.132	0.359
>TGCAGTGAGC	23-TGCAGTGAGC	8.735615	-39.319276	0	T:25.0(3.92%),B:1.5(0.05%),P:1e-17	Tpos:619.9,Tstd:572.8,Bpos:754.3,Bstd:38.5,StrandBias:0.4,Multiplicity:1.05
0.155	0.102	0.117	0.626
0.089	0.149	0.605	0.157
0.156	0.621	0.133	0.090
0.635	0.104	0.098	0.163
0.122	0.145	0.617	0.116
0.233	0.076	0.146	0.545
0.123	0.171	0.582	0.124
0.661	0.075	0.115	0.149
0.138	0.151	0.586	0.125
0.172	0.524	0.136	0.168
>GCCAATCAGT	24-GCCAATCAGT	11.323182	-28.507243	0	T:21.0(3.29%),B:3.1(0.11%),P:1e-12	Tpos:442.5,Tstd:245.9,Bpos:812.0,Bstd:257.7,StrandBias:-0.2,Multiplicity:1.00
0.001	0.001	0.997	0.001
0.001	0.997	0.001	0.001
0.383	0.615	0.001	0.001
0.997	0.001	0.001	0.001
0.615	0.001	0.001	0.383
0.001	0.001	0.001	0.997
0.001	0.997	0.001	0.001
0.997	0.001	0.001	0.001
0.001	0.001	0.997	0.001
0.213	0.001	0.001	0.785
>TCACGTGACC	25-TCACGTGACC	8.623642	-24.978955	0	T:63.0(9.87%),B:88.2(3.17%),P:1e-10	Tpos:476.1,Tstd:325.2,Bpos:515.7,Bstd:436.1,StrandBias:0.0,Multiplicity:1.41
0.074	0.098	0.052	0.776
0.001	0.975	0.001	0.023
0.997	0.001	0.001	0.001
0.010	0.974	0.015	0.001
0.001	0.001	0.984	0.014
0.001	0.001	0.014	0.984
0.001	0.010	0.988	0.001
0.967	0.031	0.001	0.001
0.001	0.879	0.025	0.095
0.074	0.624	0.207	0.095
>TTTTTTTTTTTT	1-TTTTTTTTTTTT	5.090526	-264.821553	0	T:312.0(48.90%),B:227.9(8.18%),P:1e-115	Tpos:565.5,Tstd:485.4,Bpos:472.8,Bstd:523.0,StrandBias:-0.3,Multiplicity:1.89
0.116	0.101	0.087	0.696
0.082	0.076	0.085	0.757
0.084	0.070	0.069	0.777
0.092	0.067	0.075	0.766
0.078	0.098	0.066	0.758
0.093	0.075	0.055	0.777
0.085	0.084	0.082	0.749
0.079	0.095	0.060	0.766
0.089	0.079	0.056	0.776
0.078	0.092	0.067	0.763
0.096	0.079	0.082	0.743
0.133	0.096	0.098	0.673
>GGGAGGGAGGGR	2-GGGAGGGAGGGR	8.194397	-249.352587	0	T:419.0(65.67%),B:548.3(19.68%),P:1e-108	Tpos:599.1,Tstd:436.6,Bpos:513.3,Bstd:472.7,StrandBias:-0.1,Multiplicity:1.74
0.223	0.026	0.614	0.137
0.029	0.008	0.962	0.001
0.191	0.068	0.740	0.001
0.871	0.127	0.001	0.001
0.258	0.001	0.740	0.001
0.001	0.001	0.997	0.001
0.229	0.008	0.762	0.001
0.851	0.147	0.001	0.001
0.388	0.001	0.610	0.001
0.308	0.001	0.690	0.001
0.317	0.083	0.599	0.001
0.428	0.103	0.418	0.051
>GAGGAGGAGGRG	3-GAGGAGGAGGRG	8.842687	-228.848159	0	T:369.0(57.84%),B:433.8(15.58%),P:1e-99	Tpos:609.8,Tstd:432.8,Bpos:539.3,Bstd:482.1,StrandBias:-0.0,Multiplicity:1.93
0.062	0.072	0.865	0.001
0.588	0.082	0.289	0.041
0.131	0.043	0.825	0.001
0.022	0.050	0.921	0.007
0.722	0.014	0.252	0.012
0.099	0.022	0.865	0.014
0.079	0.001	0.913	0.007
0.678	0.198	0.090	0.034
0.063	0.022	0.914	0.001
0.046	0.019	0.934	0.001
0.499	0.102	0.356	0.043
0.080	0.025	0.873	0.022
>NCTCTTTCTCYD	4-NCTCTTTCTCYD	6.730606	-196.550370	0	T:504.0(79.00%),B:1023.8(36.76%),P:1e-85	Tpos:617.5,Tstd:457.1,Bpos:556.3,Bstd:483.2,StrandBias:0.2,Multiplicity:1.74
0.194	0.340	0.259	0.207
0.009	0.810	0.095	0.086
0.026	0.289	0.065	0.620
0.001	0.870	0.069	0.060
0.056	0.194	0.026	0.724
0.013	0.134	0.207	0.646
0.013	0.198	0.048	0.741
0.004	0.888	0.039	0.069
0.026	0.314	0.013	0.647
0.009	0.879	0.056	0.056
0.048	0.379	0.047	0.526
0.263	0.099	0.271	0.366
>CCCGCCCCGCCC	5-CCCGCCCCGCCC	9.881724	-190.908738	0	T:317.0(49.69%),B:360.5(12.94%),P:1e-82	Tpos:586.7,Tstd:367.5,Bpos:539.6,Bstd:459.8,StrandBias:-0.3,Multiplicity:1.80
0.046	0.834	0.066	0.054
0.063	0.807	0.073	0.057
0.105	0.678	0.171	0.046
0.047	0.036	0.863	0.054
0.019	0.896	0.062	0.023
0.026	0.864	0.047	0.063
0.014	0.892	0.046	0.048
0.067	0.859	0.051	0.023
0.074	0.039	0.751	0.136
0.026	0.868	0.076	0.030
0.047	0.792	0.104	0.057
0.014	0.900	0.044	0.042
>GGGGCGGGGCCT	6-GGGGCGGGGCCT	9.359117	-188.161928	0	T:305.0(47.81%),B:333.5(11.97%),P:1e-81	Tpos:555.8,Tstd:412.8,Bpos:596.3,Bstd:480.3,StrandBias:0.2,Multiplicity:1.28
0.025	0.054	0.876	0.045
0.060	0.045	0.878	0.017
0.067	0.039	0.838	0.056
0.047	0.067	0.856	0.030
0.041	0.876	0.030	0.053
0.048	0.019	0.853	0.080
0.042	0.052	0.836	0.070
0.099	0.024	0.834	0.043
0.067	0.031	0.799	0.103
0.083	0.777	0.043	0.097
0.018	0.832	0.036	0.114
0.122	0.093	0.034	0.751
>GCCGCCGCCGCC	7-GCCGCCGCCGCC	9.798725	-177.332346	0	T:270.0(42.32%),B:264.5(9.50%),P:1e-77	Tpos:609.8,Tstd:375.1,Bpos:589.8,Bstd:472.2,StrandBias:0.1,Multiplicity:1.67
0.078	0.161	0.760	0.001
0.001	0.965	0.001	0.033
0.122	0.759	0.034	0.085
0.147	0.001	0.773	0.079
0.001	0.979	0.001	0.019
0.079	0.769	0.001	0.151
0.150	0.001	0.684	0.165
0.001	0.970	0.001	0.028
0.053	0.794	0.042	0.111
0.137	0.001	0.676	0.186
0.001	0.956	0.042	0.001
0.035	0.908	0.001	0.056
>GGAAGCTGAGGS	8-GGAAGCTGAGGS	7.330450	-153.035514	0	T:480.0(75.24%),B:1053.4(37.82%),P:1e-66	Tpos:591.2,Tstd:431.9,Bpos:534.6,Bstd:458.5,StrandBias:0.2,Multiplicity:1.99
0.189	0.149	0.510	0.152
0.068	0.021	0.907	0.004
0.640	0.110	0.229	0.021
0.709	0.054	0.203	0.034
0.055	0.058	0.862	0.025
0.034	0.813	0.102	0.051
0.098	0.156	0.136	0.610
0.026	0.047	0.923	0.004
0.684	0.067	0.209	0.040
0.085	0.030	0.868	0.017
0.072	0.056	0.838	0.034
0.201	0.361	0.302	0.136
>TCYCBGCBCHSC	9-TCYCBGCBCHSC	7.328125	-139.296615	0	T:534.0(83.70%),B:1373.2(49.30%),P:1e-60	Tpos:625.7,Tstd:452.4,Bpos:530.9,Bstd:498.1,StrandBias:-0.2,Multiplicity:1.90
0.001	0.001	0.391	0.607
0.120	0.551	0.001	0.328
0.018	0.528	0.012	0.442
0.001	0.559	0.065	0.375
0.185	0.226	0.249	0.340
0.001	0.395	0.603	0.001
0.006	0.976	0.001	0.017
0.012	0.293	0.310	0.386
0.001	0.993	0.001	0.005
0.229	0.253	0.154	0.364
0.001	0.421	0.322	0.256
0.191	0.463	0.048	0.299
>GCGCATGCGCAS	10-GCGCATGCGCAS	11.220550	-135.307278	0	T:118.0(18.50%),B:35.0(1.25%),P:1e-58	Tpos:556.4,Tstd:296.4,Bpos:605.1,Bstd:445.0,StrandBias:0.2,Multiplicity:1.19
0.061	0.010	0.928	0.001
0.113	0.876	0.001	0.010
0.027	0.001	0.962	0.010
0.001	0.969	0.020	0.010
0.710	0.151	0.118	0.021
0.092	0.107	0.193	0.608
0.016	0.010	0.973	0.001
0.001	0.997	0.001	0.001
0.010	0.001	0.952	0.037
0.010	0.938	0.001	0.051
0.631	0.108	0.199	0.062
0.088	0.458	0.382	0.072
>GCWGCAGCWGCW	11-GCWGCAGCWGCW	8.338582	-126.336632	0	T:283.0(44.36%),B:408.1(14.65%),P:1e-54	Tpos:582.8,Tstd:440.4,Bpos:578.0,Bstd:442.3,StrandBias:0.0,Multiplicity:1.27
0.028	0.138	0.825	0.009
0.036	0.914	0.049	0.001
0.458	0.083	0.105	0.354
0.001	0.091	0.907	0.001
0.001	0.925	0.073	0.001
0.456	0.122	0.188	0.234
0.001	0.008	0.990	0.001
0.009	0.935	0.055	0.001
0.466	0.143	0.057	0.334
0.009	0.100	0.890	0.001
0.001	0.943	0.055	0.001
0.281	0.179	0.123	0.417
>NSAARATGGCGG	12-NSAARATGGCGG	10.349837	-85.642306	0	T:76.0(11.91%),B:22.3(0.80%),P:1e-37	Tpos:556.6,Tstd:369.3,Bpos:730.4,Bstd:635.9,StrandBias:0.4,Multiplicity:1.04
0.309	0.194	0.311	0.185
0.157	0.287	0.372	0.184
0.997	0.001	0.001	0.001
0.997	0.001	0.001	0.001
0.429	0.030	0.540	0.001
0.938	0.001	0.001	0.060
0.030	0.001	0.001	0.968
0.001	0.001	0.997	0.001
0.092	0.001	0.846	0.061
0.060	0.938	0.001	0.001
0.063	0.217	0.441	0.279
0.094	0.220	0.654	0.032
>TTGCCCAGGCTG	13-TTGCCCAGGCTG	11.116428	-81.783148	0	T:70.0(10.97%),B:18.8(0.68%),P:1e-35	Tpos:579.2,Tstd:505.5,Bpos:488.5,Bstd:196.9,StrandBias:-0.3,Multiplicity:1.24
0.001	0.244	0.095	0.660
0.001	0.271	0.227	0.501
0.144	0.050	0.758	0.048
0.001	0.845	0.106	0.048
0.001	0.949	0.048	0.002
0.001	0.951	0.001	0.047
0.820	0.001	0.050	0.129
0.001	0.001	0.997	0.001
0.048	0.048	0.903	0.001
0.030	0.968	0.001	0.001
0.001	0.049	0.001	0.949
0.001	0.095	0.903	0.001
>CCACTTCCGGGN	14-CCACTTCCGGGN	9.170051	-79.419249	0	T:183.0(28.68%),B:249.2(8.95%),P:1e-34	Tpos:551.1,Tstd:370.8,Bpos:584.9,Bstd:448.5,StrandBias:-0.4,Multiplicity:1.19
0.026	0.865	0.108	0.001
0.162	0.703	0.081	0.054
0.509	0.001	0.273	0.217
0.001	0.972	0.026	0.001
0.001	0.064	0.001	0.934
0.001	0.125	0.001	0.873
0.001	0.997	0.001	0.001
0.001	0.997	0.001	0.001
0.001	0.001	0.862	0.136
0.001	0.208	0.765	0.026
0.027	0.360	0.531	0.082
0.287	0.291	0.190	0.233
>GGCCTGGGCTCC	15-GGCCTGGGCTCC	8.883921	-78.094205	0	T:247.0(38.71%),B:440.3(15.81%),P:1e-33	Tpos:597.2,Tstd:437.4,Bpos:567.1,Bstd:463.2,StrandBias:0.1,Multiplicity:1.27
0.066	0.076	0.846	0.012
0.054	0.061	0.814	0.071
0.059	0.831	0.043	0.067
0.001	0.895	0.061	0.043
0.085	0.078	0.092	0.745
0.047	0.036	0.905	0.012
0.043	0.046	0.864	0.047
0.037	0.072	0.867	0.024
0.078	0.803	0.089	0.030
0.031	0.124	0.070	0.775
0.012	0.827	0.110	0.051
0.036	0.836	0.041	0.087
>TGTAATCCCAGC	16-TGTAATCCCAGC	11.057022	-69.824748	0	T:43.0(6.74%),B:1.1(0.04%),P:1e-30	Tpos:529.9,Tstd:516.1,Bpos:473.8,Bstd:23.3,StrandBias:0.1,Multiplicity:1.23
0.001	0.001	0.001	0.997
0.001	0.001	0.963	0.035
0.001	0.001	0.001	0.997
0.963	0.035	0.001	0.001
0.822	0.035	0.142	0.001
0.001	0.035	0.035	0.929
0.001	0.997	0.001	0.001
0.001	0.963	0.001	0.035
0.001	0.963	0.001	0.035
0.997	0.001	0.001	0.001
0.035	0.001	0.963	0.001
0.001	0.929	0.035	0.035
>CCACCCACCCCA	17-CCACCCACCCCA	9.703035	-69.437344	0	T:139.0(21.79%),B:162.2(5.82%),P:1e-30	Tpos:632.8,Tstd:419.8,Bpos:584.1,Bstd:455.7,StrandBias:0.3,Multiplicity:1.08
0.081	0.747	0.137	0.035
0.034	0.964	0.001	0.001
0.546	0.298	0.035	0.121
0.001	0.895	0.001	0.103
0.060	0.654	0.148	0.138
0.001	0.829	0.022	0.148
0.852	0.001	0.125	0.022
0.125	0.649	0.157	0.069
0.068	0.896	0.001	0.035
0.106	0.859	0.034	0.001
0.001	0.997	0.001	0.001
0.843	0.070	0.018	0.069
>CTCCACCCCCAC	18-CTCCACCCCCAC	9.528756	-68.819091	0	T:138.0(21.63%),B:161.9(5.81%),P:1e-29	Tpos:619.1,Tstd:432.3,Bpos:588.1,Bstd:442.6,StrandBias:-0.3,Multiplicity:1.20
0.001	0.767	0.231	0.001
0.036	0.313	0.152	0.499
0.131	0.683	0.001	0.185
0.219	0.779	0.001	0.001
0.997	0.001	0.001	0.001
0.228	0.678	0.093	0.001
0.001	0.852	0.112	0.035
0.001	0.859	0.001	0.139
0.264	0.527	0.001	0.208
0.001	0.733	0.265	0.001
0.828	0.001	0.170	0.001
0.142	0.684	0.001	0.173
>ACTACAACTCCC	19-ACTACAACTCCC	10.884954	-62.691161	0	T:42.0(6.58%),B:3.6(0.13%),P:1e-27	Tpos:598.2,Tstd:358.5,Bpos:509.5,Bstd:325.7,StrandBias:0.2,Multiplicity:1.27
0.873	0.063	0.063	0.001
0.001	0.997	0.001	0.001
0.095	0.032	0.063	0.810
0.811	0.063	0.063	0.063
0.001	0.997	0.001	0.001
0.777	0.095	0.095	0.033
0.582	0.096	0.128	0.194
0.159	0.490	0.095	0.255
0.001	0.033	0.032	0.934
0.001	0.967	0.031	0.001
0.001	0.872	0.001	0.126
0.031	0.905	0.001	0.063
>GGAGRATCGCTT	20-GGAGRATCGCTT	12.093576	-54.403100	0	T:32.0(5.02%),B:0.8(0.03%),P:1e-23	Tpos:582.4,Tstd:553.9,Bpos:137.9,Bstd:4.6,StrandBias:1.1,Multiplicity:1.10
0.093	0.001	0.905	0.001
0.096	0.001	0.902	0.001
0.807	0.191	0.001	0.001
0.001	0.001	0.997	0.001
0.405	0.188	0.405	0.001
0.905	0.001	0.001	0.093
0.001	0.093	0.001	0.905
0.001	0.620	0.191	0.188
0.097	0.001	0.808	0.094
0.001	0.996	0.001	0.002
0.001	0.093	0.001	0.905
0.001	0.096	0.001	0.902
>GTGTGTGTGTGT	21-GTGTGTGTGTGT	9.993816	-51.616023	0	T:43.0(6.74%),B:10.9(0.39%),P:1e-22	Tpos:694.9,Tstd:493.6,Bpos:596.6,Bstd:297.8,StrandBias:-0.9,Multiplicity:1.81
0.040	0.094	0.826	0.040
0.041	0.054	0.094	0.811
0.054	0.094	0.798	0.054
0.054	0.054	0.040	0.852
0.054	0.027	0.905	0.014
0.014	0.094	0.013	0.879
0.027	0.014	0.932	0.027
0.054	0.089	0.040	0.817
0.067	0.027	0.852	0.054
0.027	0.108	0.040	0.825
0.135	0.068	0.757	0.040
0.054	0.116	0.067	0.763
>CTCGAACTCCTG	22-CTCGAACTCCTG	13.166238	-47.719621	0	T:30.0(4.70%),B:2.0(0.07%),P:1e-20	Tpos:488.8,Tstd:443.9,Bpos:589.2,Bstd:135.3,StrandBias:0.1,Multiplicity:1.03
0.001	0.997	0.001	0.001
0.001	0.001	0.001	0.997
0.001	0.733	0.133	0.133
0.066	0.001	0.932	0.001
0.997	0.001	0.001	0.001
0.866	0.132	0.001	0.001
0.001	0.932	0.001	0.066
0.001	0.001	0.001	0.997
0.001	0.997	0.001	0.001
0.001	0.932	0.001	0.066
0.066	0.001	0.001	0.932
0.066	0.001	0.932	0.001
>GCCACTGCACTC	23-GCCACTGCACTC	11.175153	-46.965955	0	T:36.0(5.64%),B:6.2(0.22%),P:1e-20	Tpos:525.9,Tstd:507.9,Bpos:711.2,Bstd:297.3,StrandBias:0.2,Multiplicity:1.10
0.138	0.046	0.768	0.048
0.046	0.862	0.046	0.046
0.046	0.861	0.001	0.092
0.816	0.046	0.046	0.092
0.046	0.743	0.006	0.205
0.046	0.144	0.046	0.764
0.092	0.184	0.712	0.012
0.046	0.907	0.046	0.001
0.562	0.242	0.138	0.058
0.001	0.901	0.046	0.052
0.001	0.048	0.001	0.950
0.046	0.670	0.052	0.232
>TGACGTCACCRC	24-TGACGTCACCRC	10.489709	-45.552025	0	T:39.0(6.11%),B:11.0(0.39%),P:1e-19	Tpos:440.7,Tstd:283.7,Bpos:631.8,Bstd:306.5,StrandBias:0.2,Multiplicity:1.05
0.001	0.001	0.001	0.997
0.001	0.001	0.997	0.001
0.950	0.001	0.048	0.001
0.001	0.997	0.001	0.001
0.001	0.048	0.854	0.097
0.001	0.001	0.001	0.997
0.001	0.997	0.001	0.001
0.997	0.001	0.001	0.001
0.001	0.509	0.194	0.296
0.097	0.554	0.199	0.150
0.306	0.107	0.442	0.146
0.097	0.660	0.242	0.001
>SGGTCACGTGAC	25-SGGTCACGTGAC	10.155240	-34.456367	0	T:45.0(7.05%),B:30.7(1.10%),P:1e-14	Tpos:439.1,Tstd:285.3,Bpos:534.2,Bstd:431.0,StrandBias:-0.0,Multiplicity:1.41
0.160	0.355	0.366	0.120
0.200	0.110	0.611	0.079
0.122	0.041	0.836	0.001
0.001	0.001	0.080	0.918
0.001	0.997	0.001	0.001
0.959	0.039	0.001	0.001
0.039	0.959	0.001	0.001
0.001	0.039	0.959	0.001
0.001	0.001	0.039	0.959
0.001	0.001	0.997	0.001
0.730	0.147	0.082	0.041
0.001	0.679	0.161	0.159
>AAAAAAAA	1-AAAAAAAA	5.086777	-218.478422	0	T:283.0(44.36%),B:228.9(8.22%),P:1e-94	Tpos:556.3,Tstd:467.0,Bpos:475.0,Bstd:512.0,StrandBias:0.1,Multiplicity:1.93
0.958	0.001	0.001	0.040
0.982	0.001	0.001	0.016
0.914	0.001	0.045	0.040
0.841	0.048	0.050	0.061
0.877	0.059	0.001	0.063
0.906	0.001	0.042	0.051
0.935	0.025	0.001	0.039
0.934	0.001	0.001	0.064
>TTTTCYTT	2-TTTTCYTT	6.283598	-183.814701	0	T:503.0(78.84%),B:1058.4(38.00%),P:1e-79	Tpos:582.0,Tstd:425.4,Bpos:540.0,Bstd:537.2,StrandBias:0.2,Multiplicity:2.16
0.001	0.388	0.001	0.610
0.001	0.001	0.001	0.997
0.001	0.286	0.001	0.712
0.001	0.423	0.001	0.575
0.022	0.687	0.001	0.290
0.001	0.480	0.001	0.518
0.010	0.372	0.001	0.617
0.087	0.333	0.050	0.530
>GGGCGGGG	3-GGGCGGGG	9.369249	-171.741589	0	T:443.0(69.44%),B:833.8(29.94%),P:1e-74	Tpos:599.6,Tstd:386.8,Bpos:527.7,Bstd:495.4,StrandBias:0.2,Multiplicity:2.62
0.001	0.001	0.997	0.001
0.001	0.001	0.997	0.001
0.001	0.001	0.997	0.001
0.234	0.646	0.001	0.119
0.001	0.001	0.867	0.131
0.001	0.001	0.997	0.001
0.103	0.001	0.895	0.001
0.001	0.001	0.997	0.001
>GAGGAGGA	4-GAGGAGGA	5.768706	-164.703781	0	T:404.0(63.32%),B:703.9(25.27%),P:1e-71	Tpos:626.7,Tstd:453.1,Bpos:546.5,Bstd:490.0,StrandBias:-0.1,Multiplicity:2.04
0.001	0.001	0.997	0.001
0.995	0.001	0.003	0.001
0.001	0.001	0.997	0.001
0.130	0.001	0.868	0.001
0.997	0.001	0.001	0.001
0.140	0.001	0.858	0.001
0.001	0.001	0.997	0.001
0.725	0.001	0.273	0.001
>GGGCTGRG	5-GGGCTGRG	6.785499	-156.969342	0	T:543.0(85.11%),B:1357.0(48.72%),P:1e-68	Tpos:572.4,Tstd:419.1,Bpos:554.2,Bstd:469.0,StrandBias:0.3,Multiplicity:1.91
0.248	0.069	0.559	0.124
0.358	0.074	0.522	0.046
0.184	0.050	0.604	0.162
0.001	0.808	0.190	0.001
0.164	0.001	0.241	0.594
0.001	0.001	0.997	0.001
0.489	0.001	0.509	0.001
0.191	0.001	0.807	0.001
>TTTAAAAA	6-TTTAAAAA	5.049403	-151.313007	0	T:384.0(60.19%),B:669.3(24.03%),P:1e-65	Tpos:645.0,Tstd:524.8,Bpos:548.7,Bstd:464.2,StrandBias:0.1,Multiplicity:1.85
0.154	0.081	0.001	0.764
0.045	0.120	0.015	0.820
0.156	0.153	0.076	0.615
0.682	0.050	0.138	0.130
0.786	0.059	0.144	0.011
0.943	0.001	0.055	0.001
0.738	0.062	0.069	0.131
0.662	0.113	0.130	0.095
>GGAGGCGG	7-GGAGGCGG	8.665144	-149.803536	0	T:406.0(63.64%),B:755.3(27.12%),P:1e-65	Tpos:589.8,Tstd:435.8,Bpos:548.0,Bstd:442.8,StrandBias:0.2,Multiplicity:1.72
0.147	0.001	0.851	0.001
0.001	0.001	0.997	0.001
0.997	0.001	0.001	0.001
0.232	0.001	0.766	0.001
0.001	0.001	0.997	0.001
0.001	0.713	0.001	0.285
0.001	0.001	0.636	0.362
0.001	0.001	0.997	0.001
>GGGTGGGR	8-GGGTGGGR	7.494700	-144.652977	0	T:509.0(79.78%),B:1222.7(43.90%),P:1e-62	Tpos:577.3,Tstd:408.6,Bpos:549.8,Bstd:450.4,StrandBias:-0.1,Multiplicity:1.61
0.001	0.001	0.997	0.001
0.001	0.001	0.997	0.001
0.001	0.001	0.997	0.001
0.056	0.334	0.001	0.609
0.001	0.001	0.997	0.001
0.045	0.001	0.953	0.001
0.001	0.001	0.997	0.001
0.522	0.001	0.476	0.001
>GGAAGCWG	9-GGAAGCWG	6.521115	-136.228124	0	T:559.0(87.62%),B:1528.7(54.88%),P:1e-59	Tpos:611.6,Tstd:439.2,Bpos:561.0,Bstd:475.2,StrandBias:0.0,Multiplicity:2.33
0.353	0.001	0.556	0.090
0.065	0.001	0.933	0.001
0.763	0.102	0.134	0.001
0.616	0.001	0.382	0.001
0.296	0.001	0.702	0.001
0.001	0.703	0.295	0.001
0.418	0.001	0.109	0.472
0.001	0.138	0.792	0.069
>DTTTTTST	10-DTTTTTST	5.682112	-126.469760	0	T:419.0(65.67%),B:884.3(31.75%),P:1e-54	Tpos:591.8,Tstd:511.0,Bpos:570.7,Bstd:462.8,StrandBias:-0.1,Multiplicity:1.61
0.327	0.001	0.345	0.328
0.070	0.109	0.176	0.645
0.064	0.052	0.005	0.879
0.001	0.001	0.087	0.911
0.143	0.093	0.114	0.650
0.170	0.001	0.001	0.828
0.001	0.482	0.516	0.001
0.001	0.001	0.001	0.997
>CCAGGAAG	11-CCAGGAAG	7.163520	-115.346603	0	T:463.0(72.57%),B:1116.7(40.09%),P:1e-50	Tpos:607.7,Tstd:461.5,Bpos:546.0,Bstd:460.0,StrandBias:-0.0,Multiplicity:1.61
0.034	0.806	0.106	0.054
0.001	0.997	0.001	0.001
0.804	0.093	0.061	0.042
0.033	0.001	0.965	0.001
0.060	0.001	0.938	0.001
0.831	0.108	0.060	0.001
0.943	0.001	0.055	0.001
0.001	0.043	0.859	0.097
>CGGAAATG	12-CGGAAATG	6.131470	-111.973465	0	T:522.0(81.82%),B:1420.3(50.99%),P:1e-48	Tpos:595.3,Tstd:458.0,Bpos:560.7,Bstd:477.8,StrandBias:-0.1,Multiplicity:2.13
0.183	0.555	0.261	0.001
0.339	0.001	0.554	0.106
0.001	0.001	0.997	0.001
0.997	0.001	0.001	0.001
0.997	0.001	0.001	0.001
0.692	0.004	0.303	0.001
0.317	0.001	0.001	0.681
0.001	0.001	0.633	0.365
>TTCCCAGA	13-TTCCCAGA	6.520125	-99.677036	0	T:403.0(63.17%),B:921.3(33.08%),P:1e-43	Tpos:579.5,Tstd:447.4,Bpos:545.9,Bstd:472.0,StrandBias:-0.1,Multiplicity:1.54
0.023	0.123	0.049	0.805
0.001	0.001	0.091	0.907
0.019	0.935	0.001	0.045
0.078	0.904	0.001	0.017
0.001	0.967	0.001	0.031
0.881	0.001	0.065	0.053
0.037	0.080	0.871	0.012
0.825	0.026	0.148	0.001
>AGGAGCTG	14-AGGAGCTG	7.085047	-96.617611	0	T:406.0(63.64%),B:946.5(33.98%),P:1e-41	Tpos:598.8,Tstd:458.2,Bpos:585.0,Bstd:475.6,StrandBias:-0.0,Multiplicity:1.61
0.841	0.066	0.055	0.038
0.001	0.001	0.997	0.001
0.001	0.027	0.860	0.112
0.868	0.056	0.001	0.075
0.041	0.103	0.855	0.001
0.001	0.997	0.001	0.001
0.121	0.001	0.104	0.774
0.001	0.040	0.920	0.039
>TCCATTTT	15-TCCATTTT	7.241776	-83.179372	0	T:177.0(27.74%),B:224.8(8.07%),P:1e-36	Tpos:572.3,Tstd:411.8,Bpos:553.3,Bstd:532.5,StrandBias:-0.1,Multiplicity:1.14
0.001	0.001	0.416	0.582
0.001	0.931	0.001	0.067
0.001	0.682	0.001	0.316
0.997	0.001	0.001	0.001
0.001	0.001	0.001	0.997
0.001	0.162	0.026	0.811
0.001	0.001	0.001	0.997
0.001	0.001	0.001	0.997
>RGCCTGGG	16-RGCCTGGG	7.353469	-75.931735	0	T:445.0(69.75%),B:1211.0(43.48%),P:1e-32	Tpos:604.0,Tstd:452.4,Bpos:573.7,Bstd:490.5,StrandBias:-0.2,Multiplicity:1.68
0.550	0.001	0.448	0.001
0.039	0.001	0.887	0.073
0.001	0.596	0.172	0.231
0.001	0.892	0.073	0.034
0.044	0.001	0.001	0.954
0.001	0.095	0.903	0.001
0.311	0.001	0.656	0.032
0.421	0.002	0.576	0.001
>GCAGCTGC	17-GCAGCTGC	4.119574	-74.794401	0	T:403.0(63.17%),B:1032.9(37.08%),P:1e-32	Tpos:608.6,Tstd:397.7,Bpos:555.6,Bstd:460.8,StrandBias:0.1,Multiplicity:2.10
0.001	0.001	0.997	0.001
0.001	0.997	0.001	0.001
0.956	0.042	0.001	0.001
0.001	0.001	0.997	0.001
0.001	0.997	0.001	0.001
0.001	0.051	0.001	0.947
0.001	0.001	0.997	0.001
0.001	0.997	0.001	0.001
>TCTGCCCT	18-TCTGCCCT	3.927327	-72.471056	0	T:356.0(55.80%),B:851.2(30.56%),P:1e-31	Tpos:572.6,Tstd:464.7,Bpos:559.5,Bstd:446.2,StrandBias:-0.1,Multiplicity:1.43
0.001	0.016	0.231	0.752
0.001	0.997	0.001	0.001
0.001	0.001	0.001	0.997
0.001	0.001	0.997	0.001
0.064	0.934	0.001	0.001
0.001	0.768	0.001	0.230
0.001	0.997	0.001	0.001
0.001	0.001	0.001	0.997
>CTGWAAAC	19-CTGWAAAC	6.440179	-61.000321	0	T:287.0(44.98%),B:644.8(23.15%),P:1e-26	Tpos:612.1,Tstd:473.2,Bpos:571.3,Bstd:480.2,StrandBias:0.2,Multiplicity:1.41
0.001	0.778	0.001	0.220
0.001	0.001	0.001	0.997
0.060	0.001	0.844	0.095
0.344	0.001	0.169	0.486
0.997	0.001	0.001	0.001
0.884	0.001	0.114	0.001
0.507	0.195	0.001	0.297
0.095	0.761	0.001	0.143
>GCATGCGC	20-GCATGCGC	9.986860	-45.091158	0	T:187.0(29.31%),B:374.5(13.45%),P:1e-19	Tpos:568.2,Tstd:327.9,Bpos:535.8,Bstd:435.8,StrandBias:0.3,Multiplicity:1.21
0.001	0.001	0.997	0.001
0.001	0.997	0.001	0.001
0.594	0.404	0.001	0.001
0.001	0.001	0.162	0.836
0.001	0.001	0.997	0.001
0.001	0.997	0.001	0.001
0.001	0.001	0.997	0.001
0.001	0.997	0.001	0.001
>CACACACA	21-CACACACA	8.351222	-40.972961	0	T:71.0(11.13%),B:69.8(2.51%),P:1e-17	Tpos:741.2,Tstd:518.0,Bpos:561.7,Bstd:416.6,StrandBias:0.7,Multiplicity:1.67
0.001	0.997	0.001	0.001
0.997	0.001	0.001	0.001
0.066	0.932	0.001	0.001
0.997	0.001	0.001	0.001
0.001	0.997	0.001	0.001
0.997	0.001	0.001	0.001
0.001	0.997	0.001	0.001
0.997	0.001	0.001	0.001
>AGTGAGTG	22-AGTGAGTG	7.552555	-38.837642	0	T:148.0(23.20%),B:278.2(9.99%),P:1e-16	Tpos:627.6,Tstd:503.5,Bpos:559.7,Bstd:491.0,StrandBias:0.1,Multiplicity:1.16
0.578	0.001	0.330	0.091
0.142	0.143	0.636	0.079
0.096	0.001	0.001	0.902
0.214	0.001	0.706	0.079
0.993	0.001	0.005	0.001
0.258	0.006	0.692	0.044
0.118	0.001	0.001	0.880
0.001	0.001	0.920	0.078
>TGACGTCA	23-TGACGTCA	8.236954	-33.844834	0	T:37.0(5.80%),B:18.2(0.65%),P:1e-14	Tpos:432.2,Tstd:275.7,Bpos:434.0,Bstd:299.6,StrandBias:0.0,Multiplicity:1.06
0.100	0.100	0.100	0.700
0.100	0.100	0.700	0.100
0.700	0.100	0.100	0.100
0.100	0.700	0.100	0.100
0.100	0.100	0.700	0.100
0.100	0.100	0.100	0.700
0.100	0.700	0.100	0.100
0.700	0.100	0.100	0.100
>GCCAATCA	24-GCCAATCA	9.796357	-25.156995	0	T:62.0(9.72%),B:85.6(3.07%),P:1e-10	Tpos:515.1,Tstd:309.8,Bpos:541.1,Bstd:433.4,StrandBias:-0.2,Multiplicity:1.19
0.280	0.001	0.718	0.001
0.001	0.997	0.001	0.001
0.001	0.997	0.001	0.001
0.997	0.001	0.001	0.001
0.997	0.001	0.001	0.001
0.001	0.001	0.001	0.997
0.001	0.997	0.001	0.001
0.997	0.001	0.001	0.001
>CACGTGAC	25-CACGTGAC	8.236954	-20.817058	0	T:55.0(8.62%),B:80.9(2.90%),P:1e-9	Tpos:505.7,Tstd:341.7,Bpos:501.1,Bstd:419.2,StrandBias:0.2,Multiplicity:1.48
0.100	0.700	0.100	0.100
0.700	0.100	0.100	0.100
0.100	0.700	0.100	0.100
0.100	0.100	0.700	0.100
0.100	0.100	0.100	0.700
0.100	0.100	0.700	0.100
0.700	0.100	0.100	0.100
0.100	0.700	0.100	0.100
