>TTTTTTTTTTTT	1-TTTTTTTTTTTT	5.090526	-264.821553	0	T:312.0(48.90%),B:227.9(8.18%),P:1e-115	Tpos:565.5,Tstd:485.4,Bpos:472.8,Bstd:523.0,StrandBias:-0.3,Multiplicity:1.89
0.116	0.101	0.087	0.696
0.082	0.076	0.085	0.757
0.084	0.070	0.069	0.777
0.092	0.067	0.075	0.766
0.078	0.098	0.066	0.758
0.093	0.075	0.055	0.777
0.085	0.084	0.082	0.749
0.079	0.095	0.060	0.766
0.089	0.079	0.056	0.776
0.078	0.092	0.067	0.763
0.096	0.079	0.082	0.743
0.133	0.096	0.098	0.673
>GGGAGGGAGGGR	2-GGGAGGGAGGGR	8.194397	-249.352587	0	T:419.0(65.67%),B:548.3(19.68%),P:1e-108	Tpos:599.1,Tstd:436.6,Bpos:513.3,Bstd:472.7,StrandBias:-0.1,Multiplicity:1.74
0.223	0.026	0.614	0.137
0.029	0.008	0.962	0.001
0.191	0.068	0.740	0.001
0.871	0.127	0.001	0.001
0.258	0.001	0.740	0.001
0.001	0.001	0.997	0.001
0.229	0.008	0.762	0.001
0.851	0.147	0.001	0.001
0.388	0.001	0.610	0.001
0.308	0.001	0.690	0.001
0.317	0.083	0.599	0.001
0.428	0.103	0.418	0.051
>GAGGAGGAGGRG	3-GAGGAGGAGGRG	8.842687	-228.848159	0	T:369.0(57.84%),B:433.8(15.58%),P:1e-99	Tpos:609.8,Tstd:432.8,Bpos:539.3,Bstd:482.1,StrandBias:-0.0,Multiplicity:1.93
0.062	0.072	0.865	0.001
0.588	0.082	0.289	0.041
0.131	0.043	0.825	0.001
0.022	0.050	0.921	0.007
0.722	0.014	0.252	0.012
0.099	0.022	0.865	0.014
0.079	0.001	0.913	0.007
0.678	0.198	0.090	0.034
0.063	0.022	0.914	0.001
0.046	0.019	0.934	0.001
0.499	0.102	0.356	0.043
0.080	0.025	0.873	0.022
>NCTCTTTCTCYD	4-NCTCTTTCTCYD	6.730606	-196.550370	0	T:504.0(79.00%),B:1023.8(36.76%),P:1e-85	Tpos:617.5,Tstd:457.1,Bpos:556.3,Bstd:483.2,StrandBias:0.2,Multiplicity:1.74
0.194	0.340	0.259	0.207
0.009	0.810	0.095	0.086
0.026	0.289	0.065	0.620
0.001	0.870	0.069	0.060
0.056	0.194	0.026	0.724
0.013	0.134	0.207	0.646
0.013	0.198	0.048	0.741
0.004	0.888	0.039	0.069
0.026	0.314	0.013	0.647
0.009	0.879	0.056	0.056
0.048	0.379	0.047	0.526
0.263	0.099	0.271	0.366
>CCCGCCCCGCCC	5-CCCGCCCCGCCC	9.881724	-190.908738	0	T:317.0(49.69%),B:360.5(12.94%),P:1e-82	Tpos:586.7,Tstd:367.5,Bpos:539.6,Bstd:459.8,StrandBias:-0.3,Multiplicity:1.80
0.046	0.834	0.066	0.054
0.063	0.807	0.073	0.057
0.105	0.678	0.171	0.046
0.047	0.036	0.863	0.054
0.019	0.896	0.062	0.023
0.026	0.864	0.047	0.063
0.014	0.892	0.046	0.048
0.067	0.859	0.051	0.023
0.074	0.039	0.751	0.136
0.026	0.868	0.076	0.030
0.047	0.792	0.104	0.057
0.014	0.900	0.044	0.042
>GGGGCGGGGCCT	6-GGGGCGGGGCCT	9.359117	-188.161928	0	T:305.0(47.81%),B:333.5(11.97%),P:1e-81	Tpos:555.8,Tstd:412.8,Bpos:596.3,Bstd:480.3,StrandBias:0.2,Multiplicity:1.28
0.025	0.054	0.876	0.045
0.060	0.045	0.878	0.017
0.067	0.039	0.838	0.056
0.047	0.067	0.856	0.030
0.041	0.876	0.030	0.053
0.048	0.019	0.853	0.080
0.042	0.052	0.836	0.070
0.099	0.024	0.834	0.043
0.067	0.031	0.799	0.103
0.083	0.777	0.043	0.097
0.018	0.832	0.036	0.114
0.122	0.093	0.034	0.751
>GCCGCCGCCGCC	7-GCCGCCGCCGCC	9.798725	-177.332346	0	T:270.0(42.32%),B:264.5(9.50%),P:1e-77	Tpos:609.8,Tstd:375.1,Bpos:589.8,Bstd:472.2,StrandBias:0.1,Multiplicity:1.67
0.078	0.161	0.760	0.001
0.001	0.965	0.001	0.033
0.122	0.759	0.034	0.085
0.147	0.001	0.773	0.079
0.001	0.979	0.001	0.019
0.079	0.769	0.001	0.151
0.150	0.001	0.684	0.165
0.001	0.970	0.001	0.028
0.053	0.794	0.042	0.111
0.137	0.001	0.676	0.186
0.001	0.956	0.042	0.001
0.035	0.908	0.001	0.056
>GGAAGCTGAGGS	8-GGAAGCTGAGGS	7.330450	-153.035514	0	T:480.0(75.24%),B:1053.4(37.82%),P:1e-66	Tpos:591.2,Tstd:431.9,Bpos:534.6,Bstd:458.5,StrandBias:0.2,Multiplicity:1.99
0.189	0.149	0.510	0.152
0.068	0.021	0.907	0.004
0.640	0.110	0.229	0.021
0.709	0.054	0.203	0.034
0.055	0.058	0.862	0.025
0.034	0.813	0.102	0.051
0.098	0.156	0.136	0.610
0.026	0.047	0.923	0.004
0.684	0.067	0.209	0.040
0.085	0.030	0.868	0.017
0.072	0.056	0.838	0.034
0.201	0.361	0.302	0.136
>TCYCBGCBCHSC	9-TCYCBGCBCHSC	7.328125	-139.296615	0	T:534.0(83.70%),B:1373.2(49.30%),P:1e-60	Tpos:625.7,Tstd:452.4,Bpos:530.9,Bstd:498.1,StrandBias:-0.2,Multiplicity:1.90
0.001	0.001	0.391	0.607
0.120	0.551	0.001	0.328
0.018	0.528	0.012	0.442
0.001	0.559	0.065	0.375
0.185	0.226	0.249	0.340
0.001	0.395	0.603	0.001
0.006	0.976	0.001	0.017
0.012	0.293	0.310	0.386
0.001	0.993	0.001	0.005
0.229	0.253	0.154	0.364
0.001	0.421	0.322	0.256
0.191	0.463	0.048	0.299
>GCGCATGCGCAS	10-GCGCATGCGCAS	11.220550	-135.307278	0	T:118.0(18.50%),B:35.0(1.25%),P:1e-58	Tpos:556.4,Tstd:296.4,Bpos:605.1,Bstd:445.0,StrandBias:0.2,Multiplicity:1.19
0.061	0.010	0.928	0.001
0.113	0.876	0.001	0.010
0.027	0.001	0.962	0.010
0.001	0.969	0.020	0.010
0.710	0.151	0.118	0.021
0.092	0.107	0.193	0.608
0.016	0.010	0.973	0.001
0.001	0.997	0.001	0.001
0.010	0.001	0.952	0.037
0.010	0.938	0.001	0.051
0.631	0.108	0.199	0.062
0.088	0.458	0.382	0.072
>GCWGCAGCWGCW	11-GCWGCAGCWGCW	8.338582	-126.336632	0	T:283.0(44.36%),B:408.1(14.65%),P:1e-54	Tpos:582.8,Tstd:440.4,Bpos:578.0,Bstd:442.3,StrandBias:0.0,Multiplicity:1.27
0.028	0.138	0.825	0.009
0.036	0.914	0.049	0.001
0.458	0.083	0.105	0.354
0.001	0.091	0.907	0.001
0.001	0.925	0.073	0.001
0.456	0.122	0.188	0.234
0.001	0.008	0.990	0.001
0.009	0.935	0.055	0.001
0.466	0.143	0.057	0.334
0.009	0.100	0.890	0.001
0.001	0.943	0.055	0.001
0.281	0.179	0.123	0.417
>NSAARATGGCGG	12-NSAARATGGCGG	10.349837	-85.642306	0	T:76.0(11.91%),B:22.3(0.80%),P:1e-37	Tpos:556.6,Tstd:369.3,Bpos:730.4,Bstd:635.9,StrandBias:0.4,Multiplicity:1.04
0.309	0.194	0.311	0.185
0.157	0.287	0.372	0.184
0.997	0.001	0.001	0.001
0.997	0.001	0.001	0.001
0.429	0.030	0.540	0.001
0.938	0.001	0.001	0.060
0.030	0.001	0.001	0.968
0.001	0.001	0.997	0.001
0.092	0.001	0.846	0.061
0.060	0.938	0.001	0.001
0.063	0.217	0.441	0.279
0.094	0.220	0.654	0.032
>TTGCCCAGGCTG	13-TTGCCCAGGCTG	11.116428	-81.783148	0	T:70.0(10.97%),B:18.8(0.68%),P:1e-35	Tpos:579.2,Tstd:505.5,Bpos:488.5,Bstd:196.9,StrandBias:-0.3,Multiplicity:1.24
0.001	0.244	0.095	0.660
0.001	0.271	0.227	0.501
0.144	0.050	0.758	0.048
0.001	0.845	0.106	0.048
0.001	0.949	0.048	0.002
0.001	0.951	0.001	0.047
0.820	0.001	0.050	0.129
0.001	0.001	0.997	0.001
0.048	0.048	0.903	0.001
0.030	0.968	0.001	0.001
0.001	0.049	0.001	0.949
0.001	0.095	0.903	0.001
>CCACTTCCGGGN	14-CCACTTCCGGGN	9.170051	-79.419249	0	T:183.0(28.68%),B:249.2(8.95%),P:1e-34	Tpos:551.1,Tstd:370.8,Bpos:584.9,Bstd:448.5,StrandBias:-0.4,Multiplicity:1.19
0.026	0.865	0.108	0.001
0.162	0.703	0.081	0.054
0.509	0.001	0.273	0.217
0.001	0.972	0.026	0.001
0.001	0.064	0.001	0.934
0.001	0.125	0.001	0.873
0.001	0.997	0.001	0.001
0.001	0.997	0.001	0.001
0.001	0.001	0.862	0.136
0.001	0.208	0.765	0.026
0.027	0.360	0.531	0.082
0.287	0.291	0.190	0.233
>GGCCTGGGCTCC	15-GGCCTGGGCTCC	8.883921	-78.094205	0	T:247.0(38.71%),B:440.3(15.81%),P:1e-33	Tpos:597.2,Tstd:437.4,Bpos:567.1,Bstd:463.2,StrandBias:0.1,Multiplicity:1.27
0.066	0.076	0.846	0.012
0.054	0.061	0.814	0.071
0.059	0.831	0.043	0.067
0.001	0.895	0.061	0.043
0.085	0.078	0.092	0.745
0.047	0.036	0.905	0.012
0.043	0.046	0.864	0.047
0.037	0.072	0.867	0.024
0.078	0.803	0.089	0.030
0.031	0.124	0.070	0.775
0.012	0.827	0.110	0.051
0.036	0.836	0.041	0.087
>TGTAATCCCAGC	16-TGTAATCCCAGC	11.057022	-69.824748	0	T:43.0(6.74%),B:1.1(0.04%),P:1e-30	Tpos:529.9,Tstd:516.1,Bpos:473.8,Bstd:23.3,StrandBias:0.1,Multiplicity:1.23
0.001	0.001	0.001	0.997
0.001	0.001	0.963	0.035
0.001	0.001	0.001	0.997
0.963	0.035	0.001	0.001
0.822	0.035	0.142	0.001
0.001	0.035	0.035	0.929
0.001	0.997	0.001	0.001
0.001	0.963	0.001	0.035
0.001	0.963	0.001	0.035
0.997	0.001	0.001	0.001
0.035	0.001	0.963	0.001
0.001	0.929	0.035	0.035
>CCACCCACCCCA	17-CCACCCACCCCA	9.703035	-69.437344	0	T:139.0(21.79%),B:162.2(5.82%),P:1e-30	Tpos:632.8,Tstd:419.8,Bpos:584.1,Bstd:455.7,StrandBias:0.3,Multiplicity:1.08
0.081	0.747	0.137	0.035
0.034	0.964	0.001	0.001
0.546	0.298	0.035	0.121
0.001	0.895	0.001	0.103
0.060	0.654	0.148	0.138
0.001	0.829	0.022	0.148
0.852	0.001	0.125	0.022
0.125	0.649	0.157	0.069
0.068	0.896	0.001	0.035
0.106	0.859	0.034	0.001
0.001	0.997	0.001	0.001
0.843	0.070	0.018	0.069
>CTCCACCCCCAC	18-CTCCACCCCCAC	9.528756	-68.819091	0	T:138.0(21.63%),B:161.9(5.81%),P:1e-29	Tpos:619.1,Tstd:432.3,Bpos:588.1,Bstd:442.6,StrandBias:-0.3,Multiplicity:1.20
0.001	0.767	0.231	0.001
0.036	0.313	0.152	0.499
0.131	0.683	0.001	0.185
0.219	0.779	0.001	0.001
0.997	0.001	0.001	0.001
0.228	0.678	0.093	0.001
0.001	0.852	0.112	0.035
0.001	0.859	0.001	0.139
0.264	0.527	0.001	0.208
0.001	0.733	0.265	0.001
0.828	0.001	0.170	0.001
0.142	0.684	0.001	0.173
>ACTACAACTCCC	19-ACTACAACTCCC	10.884954	-62.691161	0	T:42.0(6.58%),B:3.6(0.13%),P:1e-27	Tpos:598.2,Tstd:358.5,Bpos:509.5,Bstd:325.7,StrandBias:0.2,Multiplicity:1.27
0.873	0.063	0.063	0.001
0.001	0.997	0.001	0.001
0.095	0.032	0.063	0.810
0.811	0.063	0.063	0.063
0.001	0.997	0.001	0.001
0.777	0.095	0.095	0.033
0.582	0.096	0.128	0.194
0.159	0.490	0.095	0.255
0.001	0.033	0.032	0.934
0.001	0.967	0.031	0.001
0.001	0.872	0.001	0.126
0.031	0.905	0.001	0.063
>GGAGRATCGCTT	20-GGAGRATCGCTT	12.093576	-54.403100	0	T:32.0(5.02%),B:0.8(0.03%),P:1e-23	Tpos:582.4,Tstd:553.9,Bpos:137.9,Bstd:4.6,StrandBias:1.1,Multiplicity:1.10
0.093	0.001	0.905	0.001
0.096	0.001	0.902	0.001
0.807	0.191	0.001	0.001
0.001	0.001	0.997	0.001
0.405	0.188	0.405	0.001
0.905	0.001	0.001	0.093
0.001	0.093	0.001	0.905
0.001	0.620	0.191	0.188
0.097	0.001	0.808	0.094
0.001	0.996	0.001	0.002
0.001	0.093	0.001	0.905
0.001	0.096	0.001	0.902
>GTGTGTGTGTGT	21-GTGTGTGTGTGT	9.993816	-51.616023	0	T:43.0(6.74%),B:10.9(0.39%),P:1e-22	Tpos:694.9,Tstd:493.6,Bpos:596.6,Bstd:297.8,StrandBias:-0.9,Multiplicity:1.81
0.040	0.094	0.826	0.040
0.041	0.054	0.094	0.811
0.054	0.094	0.798	0.054
0.054	0.054	0.040	0.852
0.054	0.027	0.905	0.014
0.014	0.094	0.013	0.879
0.027	0.014	0.932	0.027
0.054	0.089	0.040	0.817
0.067	0.027	0.852	0.054
0.027	0.108	0.040	0.825
0.135	0.068	0.757	0.040
0.054	0.116	0.067	0.763
>CTCGAACTCCTG	22-CTCGAACTCCTG	13.166238	-47.719621	0	T:30.0(4.70%),B:2.0(0.07%),P:1e-20	Tpos:488.8,Tstd:443.9,Bpos:589.2,Bstd:135.3,StrandBias:0.1,Multiplicity:1.03
0.001	0.997	0.001	0.001
0.001	0.001	0.001	0.997
0.001	0.733	0.133	0.133
0.066	0.001	0.932	0.001
0.997	0.001	0.001	0.001
0.866	0.132	0.001	0.001
0.001	0.932	0.001	0.066
0.001	0.001	0.001	0.997
0.001	0.997	0.001	0.001
0.001	0.932	0.001	0.066
0.066	0.001	0.001	0.932
0.066	0.001	0.932	0.001
>GCCACTGCACTC	23-GCCACTGCACTC	11.175153	-46.965955	0	T:36.0(5.64%),B:6.2(0.22%),P:1e-20	Tpos:525.9,Tstd:507.9,Bpos:711.2,Bstd:297.3,StrandBias:0.2,Multiplicity:1.10
0.138	0.046	0.768	0.048
0.046	0.862	0.046	0.046
0.046	0.861	0.001	0.092
0.816	0.046	0.046	0.092
0.046	0.743	0.006	0.205
0.046	0.144	0.046	0.764
0.092	0.184	0.712	0.012
0.046	0.907	0.046	0.001
0.562	0.242	0.138	0.058
0.001	0.901	0.046	0.052
0.001	0.048	0.001	0.950
0.046	0.670	0.052	0.232
>TGACGTCACCRC	24-TGACGTCACCRC	10.489709	-45.552025	0	T:39.0(6.11%),B:11.0(0.39%),P:1e-19	Tpos:440.7,Tstd:283.7,Bpos:631.8,Bstd:306.5,StrandBias:0.2,Multiplicity:1.05
0.001	0.001	0.001	0.997
0.001	0.001	0.997	0.001
0.950	0.001	0.048	0.001
0.001	0.997	0.001	0.001
0.001	0.048	0.854	0.097
0.001	0.001	0.001	0.997
0.001	0.997	0.001	0.001
0.997	0.001	0.001	0.001
0.001	0.509	0.194	0.296
0.097	0.554	0.199	0.150
0.306	0.107	0.442	0.146
0.097	0.660	0.242	0.001
>SGGTCACGTGAC	25-SGGTCACGTGAC	10.155240	-34.456367	0	T:45.0(7.05%),B:30.7(1.10%),P:1e-14	Tpos:439.1,Tstd:285.3,Bpos:534.2,Bstd:431.0,StrandBias:-0.0,Multiplicity:1.41
0.160	0.355	0.366	0.120
0.200	0.110	0.611	0.079
0.122	0.041	0.836	0.001
0.001	0.001	0.080	0.918
0.001	0.997	0.001	0.001
0.959	0.039	0.001	0.001
0.039	0.959	0.001	0.001
0.001	0.039	0.959	0.001
0.001	0.001	0.039	0.959
0.001	0.001	0.997	0.001
0.730	0.147	0.082	0.041
0.001	0.679	0.161	0.159
