>AAAAAAAA	1-AAAAAAAA	5.086777	-218.478422	0	T:283.0(44.36%),B:228.9(8.22%),P:1e-94	Tpos:556.3,Tstd:467.0,Bpos:475.0,Bstd:512.0,StrandBias:0.1,Multiplicity:1.93
0.958	0.001	0.001	0.040
0.982	0.001	0.001	0.016
0.914	0.001	0.045	0.040
0.841	0.048	0.050	0.061
0.877	0.059	0.001	0.063
0.906	0.001	0.042	0.051
0.935	0.025	0.001	0.039
0.934	0.001	0.001	0.064
>TTTTCYTT	2-TTTTCYTT	6.283598	-183.814701	0	T:503.0(78.84%),B:1058.4(38.00%),P:1e-79	Tpos:582.0,Tstd:425.4,Bpos:540.0,Bstd:537.2,StrandBias:0.2,Multiplicity:2.16
0.001	0.388	0.001	0.610
0.001	0.001	0.001	0.997
0.001	0.286	0.001	0.712
0.001	0.423	0.001	0.575
0.022	0.687	0.001	0.290
0.001	0.480	0.001	0.518
0.010	0.372	0.001	0.617
0.087	0.333	0.050	0.530
>GGGCGGGG	3-GGGCGGGG	9.369249	-171.741589	0	T:443.0(69.44%),B:833.8(29.94%),P:1e-74	Tpos:599.6,Tstd:386.8,Bpos:527.7,Bstd:495.4,StrandBias:0.2,Multiplicity:2.62
0.001	0.001	0.997	0.001
0.001	0.001	0.997	0.001
0.001	0.001	0.997	0.001
0.234	0.646	0.001	0.119
0.001	0.001	0.867	0.131
0.001	0.001	0.997	0.001
0.103	0.001	0.895	0.001
0.001	0.001	0.997	0.001
>GAGGAGGA	4-GAGGAGGA	5.768706	-164.703781	0	T:404.0(63.32%),B:703.9(25.27%),P:1e-71	Tpos:626.7,Tstd:453.1,Bpos:546.5,Bstd:490.0,StrandBias:-0.1,Multiplicity:2.04
0.001	0.001	0.997	0.001
0.995	0.001	0.003	0.001
0.001	0.001	0.997	0.001
0.130	0.001	0.868	0.001
0.997	0.001	0.001	0.001
0.140	0.001	0.858	0.001
0.001	0.001	0.997	0.001
0.725	0.001	0.273	0.001
>GGGCTGRG	5-GGGCTGRG	6.785499	-156.969342	0	T:543.0(85.11%),B:1357.0(48.72%),P:1e-68	Tpos:572.4,Tstd:419.1,Bpos:554.2,Bstd:469.0,StrandBias:0.3,Multiplicity:1.91
0.248	0.069	0.559	0.124
0.358	0.074	0.522	0.046
0.184	0.050	0.604	0.162
0.001	0.808	0.190	0.001
0.164	0.001	0.241	0.594
0.001	0.001	0.997	0.001
0.489	0.001	0.509	0.001
0.191	0.001	0.807	0.001
>TTTAAAAA	6-TTTAAAAA	5.049403	-151.313007	0	T:384.0(60.19%),B:669.3(24.03%),P:1e-65	Tpos:645.0,Tstd:524.8,Bpos:548.7,Bstd:464.2,StrandBias:0.1,Multiplicity:1.85
0.154	0.081	0.001	0.764
0.045	0.120	0.015	0.820
0.156	0.153	0.076	0.615
0.682	0.050	0.138	0.130
0.786	0.059	0.144	0.011
0.943	0.001	0.055	0.001
0.738	0.062	0.069	0.131
0.662	0.113	0.130	0.095
>GGAGGCGG	7-GGAGGCGG	8.665144	-149.803536	0	T:406.0(63.64%),B:755.3(27.12%),P:1e-65	Tpos:589.8,Tstd:435.8,Bpos:548.0,Bstd:442.8,StrandBias:0.2,Multiplicity:1.72
0.147	0.001	0.851	0.001
0.001	0.001	0.997	0.001
0.997	0.001	0.001	0.001
0.232	0.001	0.766	0.001
0.001	0.001	0.997	0.001
0.001	0.713	0.001	0.285
0.001	0.001	0.636	0.362
0.001	0.001	0.997	0.001
>GGGTGGGR	8-GGGTGGGR	7.494700	-144.652977	0	T:509.0(79.78%),B:1222.7(43.90%),P:1e-62	Tpos:577.3,Tstd:408.6,Bpos:549.8,Bstd:450.4,StrandBias:-0.1,Multiplicity:1.61
0.001	0.001	0.997	0.001
0.001	0.001	0.997	0.001
0.001	0.001	0.997	0.001
0.056	0.334	0.001	0.609
0.001	0.001	0.997	0.001
0.045	0.001	0.953	0.001
0.001	0.001	0.997	0.001
0.522	0.001	0.476	0.001
>GGAAGCWG	9-GGAAGCWG	6.521115	-136.228124	0	T:559.0(87.62%),B:1528.7(54.88%),P:1e-59	Tpos:611.6,Tstd:439.2,Bpos:561.0,Bstd:475.2,StrandBias:0.0,Multiplicity:2.33
0.353	0.001	0.556	0.090
0.065	0.001	0.933	0.001
0.763	0.102	0.134	0.001
0.616	0.001	0.382	0.001
0.296	0.001	0.702	0.001
0.001	0.703	0.295	0.001
0.418	0.001	0.109	0.472
0.001	0.138	0.792	0.069
>DTTTTTST	10-DTTTTTST	5.682112	-126.469760	0	T:419.0(65.67%),B:884.3(31.75%),P:1e-54	Tpos:591.8,Tstd:511.0,Bpos:570.7,Bstd:462.8,StrandBias:-0.1,Multiplicity:1.61
0.327	0.001	0.345	0.328
0.070	0.109	0.176	0.645
0.064	0.052	0.005	0.879
0.001	0.001	0.087	0.911
0.143	0.093	0.114	0.650
0.170	0.001	0.001	0.828
0.001	0.482	0.516	0.001
0.001	0.001	0.001	0.997
>CCAGGAAG	11-CCAGGAAG	7.163520	-115.346603	0	T:463.0(72.57%),B:1116.7(40.09%),P:1e-50	Tpos:607.7,Tstd:461.5,Bpos:546.0,Bstd:460.0,StrandBias:-0.0,Multiplicity:1.61
0.034	0.806	0.106	0.054
0.001	0.997	0.001	0.001
0.804	0.093	0.061	0.042
0.033	0.001	0.965	0.001
0.060	0.001	0.938	0.001
0.831	0.108	0.060	0.001
0.943	0.001	0.055	0.001
0.001	0.043	0.859	0.097
>CGGAAATG	12-CGGAAATG	6.131470	-111.973465	0	T:522.0(81.82%),B:1420.3(50.99%),P:1e-48	Tpos:595.3,Tstd:458.0,Bpos:560.7,Bstd:477.8,StrandBias:-0.1,Multiplicity:2.13
0.183	0.555	0.261	0.001
0.339	0.001	0.554	0.106
0.001	0.001	0.997	0.001
0.997	0.001	0.001	0.001
0.997	0.001	0.001	0.001
0.692	0.004	0.303	0.001
0.317	0.001	0.001	0.681
0.001	0.001	0.633	0.365
>TTCCCAGA	13-TTCCCAGA	6.520125	-99.677036	0	T:403.0(63.17%),B:921.3(33.08%),P:1e-43	Tpos:579.5,Tstd:447.4,Bpos:545.9,Bstd:472.0,StrandBias:-0.1,Multiplicity:1.54
0.023	0.123	0.049	0.805
0.001	0.001	0.091	0.907
0.019	0.935	0.001	0.045
0.078	0.904	0.001	0.017
0.001	0.967	0.001	0.031
0.881	0.001	0.065	0.053
0.037	0.080	0.871	0.012
0.825	0.026	0.148	0.001
>AGGAGCTG	14-AGGAGCTG	7.085047	-96.617611	0	T:406.0(63.64%),B:946.5(33.98%),P:1e-41	Tpos:598.8,Tstd:458.2,Bpos:585.0,Bstd:475.6,StrandBias:-0.0,Multiplicity:1.61
0.841	0.066	0.055	0.038
0.001	0.001	0.997	0.001
0.001	0.027	0.860	0.112
0.868	0.056	0.001	0.075
0.041	0.103	0.855	0.001
0.001	0.997	0.001	0.001
0.121	0.001	0.104	0.774
0.001	0.040	0.920	0.039
>TCCATTTT	15-TCCATTTT	7.241776	-83.179372	0	T:177.0(27.74%),B:224.8(8.07%),P:1e-36	Tpos:572.3,Tstd:411.8,Bpos:553.3,Bstd:532.5,StrandBias:-0.1,Multiplicity:1.14
0.001	0.001	0.416	0.582
0.001	0.931	0.001	0.067
0.001	0.682	0.001	0.316
0.997	0.001	0.001	0.001
0.001	0.001	0.001	0.997
0.001	0.162	0.026	0.811
0.001	0.001	0.001	0.997
0.001	0.001	0.001	0.997
>RGCCTGGG	16-RGCCTGGG	7.353469	-75.931735	0	T:445.0(69.75%),B:1211.0(43.48%),P:1e-32	Tpos:604.0,Tstd:452.4,Bpos:573.7,Bstd:490.5,StrandBias:-0.2,Multiplicity:1.68
0.550	0.001	0.448	0.001
0.039	0.001	0.887	0.073
0.001	0.596	0.172	0.231
0.001	0.892	0.073	0.034
0.044	0.001	0.001	0.954
0.001	0.095	0.903	0.001
0.311	0.001	0.656	0.032
0.421	0.002	0.576	0.001
>GCAGCTGC	17-GCAGCTGC	4.119574	-74.794401	0	T:403.0(63.17%),B:1032.9(37.08%),P:1e-32	Tpos:608.6,Tstd:397.7,Bpos:555.6,Bstd:460.8,StrandBias:0.1,Multiplicity:2.10
0.001	0.001	0.997	0.001
0.001	0.997	0.001	0.001
0.956	0.042	0.001	0.001
0.001	0.001	0.997	0.001
0.001	0.997	0.001	0.001
0.001	0.051	0.001	0.947
0.001	0.001	0.997	0.001
0.001	0.997	0.001	0.001
>TCTGCCCT	18-TCTGCCCT	3.927327	-72.471056	0	T:356.0(55.80%),B:851.2(30.56%),P:1e-31	Tpos:572.6,Tstd:464.7,Bpos:559.5,Bstd:446.2,StrandBias:-0.1,Multiplicity:1.43
0.001	0.016	0.231	0.752
0.001	0.997	0.001	0.001
0.001	0.001	0.001	0.997
0.001	0.001	0.997	0.001
0.064	0.934	0.001	0.001
0.001	0.768	0.001	0.230
0.001	0.997	0.001	0.001
0.001	0.001	0.001	0.997
>CTGWAAAC	19-CTGWAAAC	6.440179	-61.000321	0	T:287.0(44.98%),B:644.8(23.15%),P:1e-26	Tpos:612.1,Tstd:473.2,Bpos:571.3,Bstd:480.2,StrandBias:0.2,Multiplicity:1.41
0.001	0.778	0.001	0.220
0.001	0.001	0.001	0.997
0.060	0.001	0.844	0.095
0.344	0.001	0.169	0.486
0.997	0.001	0.001	0.001
0.884	0.001	0.114	0.001
0.507	0.195	0.001	0.297
0.095	0.761	0.001	0.143
>GCATGCGC	20-GCATGCGC	9.986860	-45.091158	0	T:187.0(29.31%),B:374.5(13.45%),P:1e-19	Tpos:568.2,Tstd:327.9,Bpos:535.8,Bstd:435.8,StrandBias:0.3,Multiplicity:1.21
0.001	0.001	0.997	0.001
0.001	0.997	0.001	0.001
0.594	0.404	0.001	0.001
0.001	0.001	0.162	0.836
0.001	0.001	0.997	0.001
0.001	0.997	0.001	0.001
0.001	0.001	0.997	0.001
0.001	0.997	0.001	0.001
>CACACACA	21-CACACACA	8.351222	-40.972961	0	T:71.0(11.13%),B:69.8(2.51%),P:1e-17	Tpos:741.2,Tstd:518.0,Bpos:561.7,Bstd:416.6,StrandBias:0.7,Multiplicity:1.67
0.001	0.997	0.001	0.001
0.997	0.001	0.001	0.001
0.066	0.932	0.001	0.001
0.997	0.001	0.001	0.001
0.001	0.997	0.001	0.001
0.997	0.001	0.001	0.001
0.001	0.997	0.001	0.001
0.997	0.001	0.001	0.001
>AGTGAGTG	22-AGTGAGTG	7.552555	-38.837642	0	T:148.0(23.20%),B:278.2(9.99%),P:1e-16	Tpos:627.6,Tstd:503.5,Bpos:559.7,Bstd:491.0,StrandBias:0.1,Multiplicity:1.16
0.578	0.001	0.330	0.091
0.142	0.143	0.636	0.079
0.096	0.001	0.001	0.902
0.214	0.001	0.706	0.079
0.993	0.001	0.005	0.001
0.258	0.006	0.692	0.044
0.118	0.001	0.001	0.880
0.001	0.001	0.920	0.078
>TGACGTCA	23-TGACGTCA	8.236954	-33.844834	0	T:37.0(5.80%),B:18.2(0.65%),P:1e-14	Tpos:432.2,Tstd:275.7,Bpos:434.0,Bstd:299.6,StrandBias:0.0,Multiplicity:1.06
0.100	0.100	0.100	0.700
0.100	0.100	0.700	0.100
0.700	0.100	0.100	0.100
0.100	0.700	0.100	0.100
0.100	0.100	0.700	0.100
0.100	0.100	0.100	0.700
0.100	0.700	0.100	0.100
0.700	0.100	0.100	0.100
>GCCAATCA	24-GCCAATCA	9.796357	-25.156995	0	T:62.0(9.72%),B:85.6(3.07%),P:1e-10	Tpos:515.1,Tstd:309.8,Bpos:541.1,Bstd:433.4,StrandBias:-0.2,Multiplicity:1.19
0.280	0.001	0.718	0.001
0.001	0.997	0.001	0.001
0.001	0.997	0.001	0.001
0.997	0.001	0.001	0.001
0.997	0.001	0.001	0.001
0.001	0.001	0.001	0.997
0.001	0.997	0.001	0.001
0.997	0.001	0.001	0.001
>CACGTGAC	25-CACGTGAC	8.236954	-20.817058	0	T:55.0(8.62%),B:80.9(2.90%),P:1e-9	Tpos:505.7,Tstd:341.7,Bpos:501.1,Bstd:419.2,StrandBias:0.2,Multiplicity:1.48
0.100	0.700	0.100	0.100
0.700	0.100	0.100	0.100
0.100	0.700	0.100	0.100
0.100	0.100	0.700	0.100
0.100	0.100	0.100	0.700
0.100	0.100	0.700	0.100
0.700	0.100	0.100	0.100
0.100	0.700	0.100	0.100
