>GCCACTGCACTC	23-GCCACTGCACTC	11.175153	-46.965955	0	T:36.0(5.64%),B:6.2(0.22%),P:1e-20
0.138	0.046	0.768	0.048
0.046	0.862	0.046	0.046
0.046	0.861	0.001	0.092
0.816	0.046	0.046	0.092
0.046	0.743	0.006	0.205
0.046	0.144	0.046	0.764
0.092	0.184	0.712	0.012
0.046	0.907	0.046	0.001
0.562	0.242	0.138	0.058
0.001	0.901	0.046	0.052
0.001	0.048	0.001	0.950
0.046	0.670	0.052	0.232
