>GGCCTGGGCTCC	15-GGCCTGGGCTCC	8.883921	-78.094205	0	T:247.0(38.71%),B:440.3(15.81%),P:1e-33
0.066	0.076	0.846	0.012
0.054	0.061	0.814	0.071
0.059	0.831	0.043	0.067
0.001	0.895	0.061	0.043
0.085	0.078	0.092	0.745
0.047	0.036	0.905	0.012
0.043	0.046	0.864	0.047
0.037	0.072	0.867	0.024
0.078	0.803	0.089	0.030
0.031	0.124	0.070	0.775
0.012	0.827	0.110	0.051
0.036	0.836	0.041	0.087
