>GCCGCCGCCGCC	7-GCCGCCGCCGCC	9.798725	-177.332346	0	T:270.0(42.32%),B:264.5(9.50%),P:1e-77
0.078	0.161	0.760	0.001
0.001	0.965	0.001	0.033
0.122	0.759	0.034	0.085
0.147	0.001	0.773	0.079
0.001	0.979	0.001	0.019
0.079	0.769	0.001	0.151
0.150	0.001	0.684	0.165
0.001	0.970	0.001	0.028
0.053	0.794	0.042	0.111
0.137	0.001	0.676	0.186
0.001	0.956	0.042	0.001
0.035	0.908	0.001	0.056
