>GAGGAGGAGGRG	3-GAGGAGGAGGRG	8.842687	-228.848159	0	T:369.0(57.84%),B:433.8(15.58%),P:1e-99
0.062	0.072	0.865	0.001
0.588	0.082	0.289	0.041
0.131	0.043	0.825	0.001
0.022	0.050	0.921	0.007
0.722	0.014	0.252	0.012
0.099	0.022	0.865	0.014
0.079	0.001	0.913	0.007
0.678	0.198	0.090	0.034
0.063	0.022	0.914	0.001
0.046	0.019	0.934	0.001
0.499	0.102	0.356	0.043
0.080	0.025	0.873	0.022
