>TTTTTTTTTTTT	1-TTTTTTTTTTTT,BestGuess:SeqBias: polyA-repeat(0.934)	5.090526	-264.821553	0	T:312.0(48.90%),B:227.9(8.18%),P:1e-115
0.116	0.101	0.087	0.696
0.082	0.076	0.085	0.757
0.084	0.070	0.069	0.777
0.092	0.067	0.075	0.766
0.078	0.098	0.066	0.758
0.093	0.075	0.055	0.777
0.085	0.084	0.082	0.749
0.079	0.095	0.060	0.766
0.089	0.079	0.056	0.776
0.078	0.092	0.067	0.763
0.096	0.079	0.082	0.743
0.133	0.096	0.098	0.673
