>NCTCTTTCTCYD	4-NCTCTTTCTCYD	6.730606	-196.550370	0	T:504.0(79.00%),B:1023.8(36.76%),P:1e-85
0.194	0.340	0.259	0.207
0.009	0.810	0.095	0.086
0.026	0.289	0.065	0.620
0.001	0.870	0.069	0.060
0.056	0.194	0.026	0.724
0.013	0.134	0.207	0.646
0.013	0.198	0.048	0.741
0.004	0.888	0.039	0.069
0.026	0.314	0.013	0.647
0.009	0.879	0.056	0.056
0.048	0.379	0.047	0.526
0.263	0.099	0.271	0.366
