>GTGTGTGTGTGT	21-GTGTGTGTGTGT	9.993816	-51.616023	0	T:43.0(6.74%),B:10.9(0.39%),P:1e-22
0.040	0.094	0.826	0.040
0.041	0.054	0.094	0.811
0.054	0.094	0.798	0.054
0.054	0.054	0.040	0.852
0.054	0.027	0.905	0.014
0.014	0.094	0.013	0.879
0.027	0.014	0.932	0.027
0.054	0.089	0.040	0.817
0.067	0.027	0.852	0.054
0.027	0.108	0.040	0.825
0.135	0.068	0.757	0.040
0.054	0.116	0.067	0.763
