>CCCGCCCCGCCC	5-CCCGCCCCGCCC	9.881724	-190.908738	0	T:317.0(49.69%),B:360.5(12.94%),P:1e-82
0.046	0.834	0.066	0.054
0.063	0.807	0.073	0.057
0.105	0.678	0.171	0.046
0.047	0.036	0.863	0.054
0.019	0.896	0.062	0.023
0.026	0.864	0.047	0.063
0.014	0.892	0.046	0.048
0.067	0.859	0.051	0.023
0.074	0.039	0.751	0.136
0.026	0.868	0.076	0.030
0.047	0.792	0.104	0.057
0.014	0.900	0.044	0.042
