>GGAAGCTGAGGS	8-GGAAGCTGAGGS	7.330450	-153.035514	0	T:480.0(75.24%),B:1053.4(37.82%),P:1e-66
0.189	0.149	0.510	0.152
0.068	0.021	0.907	0.004
0.640	0.110	0.229	0.021
0.709	0.054	0.203	0.034
0.055	0.058	0.862	0.025
0.034	0.813	0.102	0.051
0.098	0.156	0.136	0.610
0.026	0.047	0.923	0.004
0.684	0.067	0.209	0.040
0.085	0.030	0.868	0.017
0.072	0.056	0.838	0.034
0.201	0.361	0.302	0.136
