>GGGGCGGGGCCT	6-GGGGCGGGGCCT	9.359117	-188.161928	0	T:305.0(47.81%),B:333.5(11.97%),P:1e-81
0.025	0.054	0.876	0.045
0.060	0.045	0.878	0.017
0.067	0.039	0.838	0.056
0.047	0.067	0.856	0.030
0.041	0.876	0.030	0.053
0.048	0.019	0.853	0.080
0.042	0.052	0.836	0.070
0.099	0.024	0.834	0.043
0.067	0.031	0.799	0.103
0.083	0.777	0.043	0.097
0.018	0.832	0.036	0.114
0.122	0.093	0.034	0.751
